### name of eos: /2D/NM/Hempel_SchaffnerBielich/sfho_compose/with_electrons 
### link: https://compose.obspm.fr/eos/14 
### Number density nb [fm-3] 	 Chemical potential mu [MeV] 	 Pressure p [MeV/fm3] 	 Energy density e [MeV] 
n	mu	p	e
1e-12	0.9379126285233897	3.2760262999999996e-15	9.346366022233898e-13
1.0964782e-12	0.9379218388946028	3.2856741183652795e-15	1.025125175533479e-12
1.2022644e-12	0.9379310492658157	3.29625263363184e-15	1.1243448575533047e-12
1.3182567e-12	0.9379402595430721	3.30785183903241e-15	1.2331381795033614e-12
1.4454398e-12	0.9379494699142852	3.3205704038413197e-15	1.352428923799169e-12
1.5848932e-12	0.9379586802854981	3.33451560301772e-15	1.4832298186624423e-12
1.7378008e-12	0.9379678905627546	3.3498063708099197e-15	1.6266515442234575e-12
1.9054607e-12	0.9379771009339676	3.3665723473196098e-15	1.7839119309822889e-12
2.0892961e-12	0.9379863113051805	3.3849559441869803e-15	1.956346186119113e-12
2.2908677e-12	0.937995521582437	3.4051132189586606e-15	2.1454185299188997e-12
2.5118864e-12	0.93800473195365	3.4272147898963203e-15	2.3527341145401224e-12
2.7542287e-12	0.938013942324863	3.45144930137585e-15	2.580053471649907e-12
3.0199517e-12	0.9380231526021193	3.47802159779804e-15	2.8293065927423317e-12
3.3113112e-12	0.9380323629733323	3.50715737639952e-15	3.102609912099661e-12
3.6307805e-12	0.9380415733445453	3.5391043089935396e-15	3.4022839483797016e-12
3.9810717e-12	0.9380507836218017	3.5741334778907584e-15	3.730873294361689e-12
4.3651583e-12	0.9380599939930148	3.61254215080048e-15	4.091167826525758e-12
4.7863009e-12	0.9380692043642277	3.654656393694355e-15	4.486226820717092e-12
5.2480746e-12	0.9380784146414842	3.700833782698763e-15	4.919404666905542e-12
5.7543994e-12	0.9380876250126973	3.751466291369927e-15	5.39437940022912e-12
6.3095734e-12	0.9380968353839102	3.80698364145775e-15	5.9151838555210405e-12
6.9183097e-12	0.9381060456611666	3.8678573163161554e-15	6.486240298009976e-12
7.5857758e-12	0.9381152560323796	3.934603922198198e-15	7.11239740289903e-12
8.3176377e-12	0.9381244664035926	4.0077900958165945e-15	7.798971638955088e-12
9.1201084e-12	0.9381336767748056	4.088037244089708e-15	8.5517927886327e-12
1e-11	0.938142887052062	4.1760264e-15	9.37725284412062e-12
1.0964782e-11	0.938152097423275	4.2725046080131e-15	1.0282360726480958e-11
1.2022644e-11	0.9381613077944879	4.37829071385828e-15	1.1274801127473695e-11
1.3182567e-11	0.9381705180717443	4.49428300085808e-15	1.2363001428904623e-11
1.4454398e-11	0.9381797284429574	4.6214663683853e-15	1.3556201724078041e-11
1.5848932e-11	0.9381889388141703	4.76091979999636e-15	1.486453177461795e-11
1.7378008e-11	0.9381981490914268	4.913827264590001e-15	1.629910111323142e-11
1.9054607e-11	0.9382073594626398	5.08148735841175e-15	1.787209103170992e-11
2.0892961e-11	0.9382165698338527	5.26532264311659e-15	1.9596856880449344e-11
2.2908677e-11	0.9382257801111092	5.4668946071322e-15	2.1488044455031292e-11
2.5118864e-11	0.9382349904823222	5.6879133034622395e-15	2.356170921266328e-11
2.7542287e-11	0.9382442008535352	5.93025568222159e-15	2.5835460800311487e-11
3.0199517e-11	0.9382534112247481	6.1959787317883804e-15	2.8328603863857984e-11
3.3113112e-11	0.9382626215020046	6.48733844979288e-15	3.10623079327597e-11
3.6307805e-11	0.9382718318732176	6.8068079208433004e-15	3.4059783900724724e-11
3.9810717e-11	0.9382810422444305	7.15709944107657e-15	3.7346483939817e-11
4.3651583e-11	0.9382902526156436	7.541186366863801e-15	4.095031365377587e-11
4.7863009e-11	0.9382994628929	7.96232887889967e-15	4.490187330825914e-11
5.2480746e-11	0.9383086732641129	8.42410333681308e-15	4.923471504783409e-11
5.7543994e-11	0.938317883635326	8.93042851348164e-15	5.398562823749042e-11
6.3095734e-11	0.9383270940065389	9.485603171723119e-15	5.919495112525785e-11
6.9183097e-11	0.9383363042837953	1.00943396438372e-14	6.49069172182435e-11
7.5857758e-11	0.9383455146550084	1.076180661780592e-14	7.117002516446727e-11
8.3176377e-11	0.9383547250262213	1.14936694322811e-14	7.803745269908004e-11
9.1201084e-11	0.9383639353974343	1.2296141461768842e-14	8.556751195329022e-11
1e-10	0.9383731457686473	1.3176035000000001e-14	9.382413854186474e-11
1.0964782e-10	0.9383823560459036	1.4140818824556e-14	1.0287743884807259e-10
1.2022644e-10	0.9383915664171166	1.51986826971816e-14	1.128042786736563e-10
1.3182567e-10	0.9384007767883296	1.63586072743791e-14	1.236889525213676e-10
1.4454398e-10	0.9384099871595426	1.7630441190943e-14	1.3562388397459823e-10
1.5848932e-10	0.9384191975307556	1.902497872814e-14	1.48710395512867e-10
1.7378008e-10	0.9384284079019686	2.05540596627016e-14	1.6305960973981403e-10
1.9054607e-10	0.9384376182731816	2.22306631930526e-14	1.7879336943892187e-10
2.0892961e-10	0.9384468286443945	2.40690232700799e-14	1.9604526089114012e-10
2.2908677e-10	0.9384560390156075	2.6084747433618495e-14	2.1496177801764586e-10
2.5118864e-10	0.9384652493868205	2.8294943401887998e-14	2.357035147373344e-10
2.7542287e-10	0.9384744597580335	3.0718375401521596e-14	2.5844661075285556e-10
3.0199517e-10	0.9384836701292465	3.33756183226002e-14	2.833841598845831e-10
3.3113112e-10	0.9384928805004594	3.62892289863264e-14	3.10727909403157e-10
3.6307805e-10	0.938502090965629	3.948393916579e-14	3.407100251695574e-10
3.9810717e-10	0.938511301336842	4.29868757183355e-14	3.735850913125091e-10
4.3651583e-10	0.938520511708055	4.68277682125626e-14	4.0963223237205375e-10
4.7863009e-10	0.9385297221732244	5.103922699504541e-14	4.4915752616445034e-10
5.2480746e-10	0.9385389325444374	5.56570014536358e-14	4.92496576298304e-10
5.7543994e-10	0.938548143009607	6.072029587201319e-14	5.400173668046876e-10
6.3095734e-10	0.9385573533808199	6.62720931314546e-14	5.921233790334708e-10
6.9183097e-10	0.9385665638459896	7.23595212874901e-14	6.492570567538504e-10
7.5857758e-10	0.938575774311159	7.9034263687371e-14	7.119035052598977e-10
8.3176377e-10	0.9385849847763285	8.635297433164471e-14	7.805946324286199e-10
9.1201084e-10	0.938594195241498	9.437780015788799e-14	8.559137026211647e-10
1e-09	0.9386034057066676	1.0317685999999999e-13	9.385002288466677e-10
1.0964782e-09	0.9386126162657936	1.12824843654936e-13	1.0290554471367531e-09
1.2022644e-09	0.938621826730963	1.2340366412988003e-13	1.1283482036774754e-09
1.3182567e-09	0.9386310372900891	1.35003143219412e-13	1.2372216505923905e-09
1.4454398e-09	0.9386402478398196	1.4772173603710601e-13	1.3566002503735024e-09
1.5848932e-09	0.9386494584083412	1.616674270893e-13	1.4874974763879738e-09
1.7378008e-09	0.9386586690050499	1.76958621931248e-13	1.6310248273019796e-09
1.9054607e-09	0.9386678796299455	1.93725121577273e-13	1.7884010298656144e-09
2.0892961e-09	0.9386770902736326	2.1210926794866795e-13	1.9609622746000997e-09
2.2908677e-09	0.9386863009455063	2.3226715871923304e-13	2.1501738601098207e-09
2.5118864e-09	0.9386955116549628	2.5436991900673604e-13	2.3576421195481357e-09
2.7542287e-09	0.938704722402002	2.78605188466841e-13	2.58512888207666e-09
3.0199517e-09	0.9387139331772281	3.05178772882623e-13	2.834565559539374e-09
3.3113112e-09	0.9387231439994325	3.3431627024327997e-13	3.1080701441542907e-09
3.6307805e-09	0.9387323548780107	3.6626504019948497e-13	3.4079648637699617e-09
3.9810717e-09	0.9387415657941716	4.0129636672815297e-13	3.7367961848301364e-09
4.3651583e-09	0.9387507767761021	4.39707677400543e-13	4.097356037198249e-09
4.7863009e-09	0.9387599878144065	4.81825137302786e-13	4.492705949422779e-09
5.2480746e-09	0.938769198927876	5.28006371391684e-13	4.926202781784342e-09
5.7543994e-09	0.9387784101071152	5.78643471689974e-13	5.401527276381647e-09
6.3095734e-09	0.9387876213709153	6.34166452126974e-13	5.922715237599072e-09
6.9183097e-09	0.9387968327192762	6.950467387147539e-13	6.494192187392331e-09
7.5857758e-09	0.9388060441709893	7.61801382999484e-13	7.1208103693830235e-09
8.3176377e-09	0.9388152557260546	8.34997251655875e-13	7.807890167110519e-09
9.1201084e-09	0.9388244674032635	9.152559569708879e-13	8.56126565533306e-09
1e-08	0.9388336792026158	1.0032591e-12	9.387333532926158e-09
1.0964782e-08	0.9388428911429029	1.0997541479181399e-12	1.0293107879483742e-08
1.2022644e-08	0.9388521032429161	1.2055605280790401e-12	1.1286279045412747e-08
1.3182567e-08	0.9388613155120511	1.3215771249759601e-12	1.2375280618320777e-08
1.4454398e-08	0.9388705279690992	1.4487894621925199e-12	1.3569359492273297e-08
1.5848932e-08	0.9388797406234558	1.58827789791792e-12	1.4878652887420871e-08
1.7378008e-08	0.9388889535033085	1.7412277431776e-12	1.6314278517348946e-08
1.9054607e-08	0.9388981666274478	1.90893835632357e-12	1.7888426639750212e-08
2.0892961e-08	0.9389073800240613	2.09283474080457e-12	1.961446243871409e-08
2.2908677e-08	0.93891659371194	2.2944797111025902e-12	2.1507042495575964e-08
2.5118864e-08	0.9389258077286664	2.5155866598558403e-12	2.3582234083766666e-08
2.7542287e-08	0.9389350220930321	2.75803476864053e-12	2.5857659818068993e-08
3.0199517e-08	0.9389442368520153	3.0238854890844202e-12	2.835263855737538e-08
3.3113112e-08	0.9389534520244073	3.3153980202830404e-12	3.1088355421650544e-08
3.6307805e-08	0.9389626676759775	3.6350517501801995e-12	3.408803838850902e-08
3.9810717e-08	0.9389718838349131	3.98556433941345e-12	3.7377158373969184e-08
4.3651583e-08	0.9389811005575878	4.369917195578661e-12	4.098364152922532e-08
4.7863009e-08	0.9389903179003757	4.7913801225150806e-12	4.493811065645603e-08
5.2480746e-08	0.938999535910255	5.253538370466059e-12	4.927414259985351e-08
5.7543994e-08	0.9390087546623909	5.7603258559420596e-12	5.402855381838415e-08
6.3095734e-08	0.939017974222553	6.3160564866685e-12	5.924171226627839e-08
6.9183097e-08	0.939027194675302	6.92546184856786e-12	6.495788403301075e-08
7.5857758e-08	0.9390364161051993	7.59373176165904e-12	7.122560347433384e-08
8.3176377e-08	0.939045638606201	8.326560861724559e-12	7.80980874960534e-08
9.1201084e-08	0.9390548622722636	9.13019341586872e-12	8.563369118128528e-08
1e-07	0.9390640872349264	1.0011481999999999e-11	9.389639724149263e-08
1.0964782e-07	0.9390733135975418	1.0977944124312799e-11	1.0295636371202249e-07
1.2022644e-07	0.9390825415104398	1.2037826194843198e-11	1.1289051300575756e-07
1.3182567e-07	0.9390917711145556	1.32001762729986e-11	1.2378320174238992e-07
1.4454398e-07	0.9391010025790106	1.4474927581479402e-11	1.3572692160717898e-07
1.5848932e-07	0.9391102360823225	1.58729700751644e-11	1.488230697516516e-07
1.7378008e-07	0.9391194718218	1.7406264641008e-11	1.6318285067810914e-07
1.9054607e-07	0.9391287100041472	1.9087937318564402e-11	1.789281969781414e-07
2.0892961e-07	0.9391379508736515	2.0932388106703098e-11	1.9619279342412446e-07
2.2908677e-07	0.9391471946839953	2.2955435900624702e-11	2.1512324194881702e-07
2.5118864e-07	0.9391564417264439	2.51744344628272e-11	2.3588025491004186e-07
2.7542287e-07	0.9391656923016581	2.7608454590288798e-11	2.5864010192466933e-07
3.0199517e-07	0.939174946766673	3.0278419278065903e-11	2.835960192892643e-07
3.3113112e-07	0.9391842054785232	3.32073287375736e-11	3.10959910517676e-07
3.6307805e-07	0.9391934688506176	3.64204281803295e-11	3.409641128148377e-07
3.9810717e-07	0.9392027373339475	3.99454722959733e-11	3.7386339834397524e-07
4.3651583e-07	0.9392120114264826	4.38129410765595e-11	4.09937097772724e-07
4.7863009e-07	0.9392212916543794	4.8056346838554595e-11	4.4949151500761326e-07
5.2480746e-07	0.9392305786189596	5.2712527214709e-11	4.928625017921318e-07
5.7543994e-07	0.9392398729685235	5.7821989035014e-11	5.404183141575797e-07
6.3095734e-07	0.9392491754077451	6.342928328821759e-11	5.925627320291761e-07
6.9183097e-07	0.9392584867164637	6.95834319091002e-11	6.497385265138741e-07
7.5857758e-07	0.9392678077496835	7.633836241158481e-11	7.124311622122487e-07
8.3176377e-07	0.9392771394469702	8.37534796565391e-11	7.811729411015711e-07
9.1201084e-07	0.9392864828136585	9.189417575796638e-11	8.565475600157722e-07
1e-06	0.9392958389960181	1.0083250999999999e-10	9.391950064860181e-07
1.0964782e-06	0.9393052091966929	1.1064790680143798e-10	1.0298170371238118e-06
1.2022644e-06	0.9393145947780523	1.21427946973428e-10	1.1291830697551047e-06
1.3182567e-06	0.9393239972152142	1.33269266547036e-10	1.2381368835331904e-06
1.4454398e-06	0.9393334181148351	1.4627853666879602e-10	1.3576036294765544e-06
1.5848932e-06	0.9393428592526937	1.6057356550052397e-10	1.4885975365326507e-06
1.7378008e-06	0.9393523225642945	1.7628459851296e-10	1.6322309330355763e-06
1.9054607e-06	0.9393618101636597	1.93555649902615e-10	1.7897234566978113e-06
2.0892961e-06	0.9393713243715155	2.1254611887021698e-10	1.9624122983423724e-06
2.2908677e-06	0.9393808677246885	2.33432614752931e-10	2.151763855253708e-06
2.5118864e-06	0.9393904430136878	2.5641085182560003e-10	2.3593856672442314e-06
2.7542287e-06	0.9394000532733094	2.81698077127793e-10	2.5870408894297506e-06
3.0199517e-06	0.939409701820219	3.09535536402145e-10	2.8366623904720612e-06
3.3113112e-06	0.9394193923093259	3.40191430366104e-10	3.1103697638206987e-06
3.6307805e-06	0.9394291286962	3.7396429178876003e-10	3.4104869973103643e-06
3.9810717e-06	0.9394389153498204	4.11186782016765e-10	3.739562492995849e-06
4.3651583e-06	0.9394487569962007	4.5222996336417e-10	4.1003903090632844e-06
4.7863009e-06	0.939458658840533	4.975083137357981e-10	4.4960343160075e-06
5.2480746e-06	0.9394686265390008	5.4748543996152e-10	4.929853950996254e-06
5.7543994e-06	0.9394786662711252	6.02680576231672e-10	5.405532792927132e-06
6.3095734e-06	0.9394887847886229	6.636760114401039e-10	5.927109770089179e-06
6.9183097e-06	0.9394989894454717	7.311259313495451e-10	6.499013845889454e-06
7.5857758e-06	0.9395092882599227	8.05766112088028e-10	7.126101056645258e-06
8.3176377e-06	0.9395196899633564	8.884255142454481e-10	7.81369596761728e-06
9.1201084e-06	0.939530204066993	9.800397349794477e-10	8.567637266430116e-06
1e-05	0.9395408409135677	1.0816662e-09	9.394326742935678e-06
1.0964782e-05	0.9395516117487385	1.19450181601052e-09	1.0300784098757546e-05
1.2022644e-05	0.9395625287896732	1.3199039276905199e-09	1.12947058954503e-05
1.3182567e-05	0.9395736052942028	1.4594141773536298e-09	1.2384532589045027e-05
1.4454398e-05	0.9395848556388048	1.6147863706161597e-09	1.3579518671805212e-05
1.5848932e-05	0.939596295395647	1.78801834265956e-09	1.4889809774834865e-05
1.7378008e-05	0.9396079414143312	1.98138972837664e-09	1.6326532933033403e-05
1.9054607e-05	0.9396198119017545	2.19750608838332e-09	1.790188873911347e-05
2.0892961e-05	0.9396319265098655	2.4393488865113803e-09	1.9629253846038978e-05
2.2908677e-05	0.9396443064164677	2.7103338229937202e-09	2.152329757676089e-05
2.5118864e-05	0.9396569744107182	3.0143804827176e-09	2.3600101366391593e-05
2.7542287e-05	0.9396699549673551	3.35599048886255e-09	2.5877303594499105e-05
3.0199517e-05	0.9396832743491087	3.74033943438276e-09	2.8374240678887193e-05
3.3113112e-05	0.9396969606405275	4.17338358703704e-09	3.111211732016234e-05
3.6307805e-05	0.9397110438607238	4.66198279603435e-09	3.411418335404557e-05
3.9810717e-05	0.9397255559737112	5.21404304649228e-09	3.740593412349059e-05
4.3651583e-05	0.939740530972964	5.838679469412859e-09	4.1015323106761e-05
4.7863009e-05	0.9397560049096044	6.546407056254471e-09	4.4973003713736185e-05
5.2480746e-05	0.9397720159205902	7.349355912361141e-09	4.931258710952409e-05
5.7543994e-05	0.9397886041911314	8.261523892107021e-09	5.407092827695074e-05
6.3095734e-05	0.9398058120016688	9.29906000319478e-09	5.92884384657081e-05
6.9183097e-05	0.9398236836527085	1.0480594409035958e-08	6.500943247463362e-05
7.5857758e-05	0.9398422654272399	1.18276088762835e-08	7.128249952007504e-05
8.3176377e-05	0.9398616055155695	1.336486759155585e-08	7.816091836059674e-05
9.1201084e-05	0.9398817539025741	1.512089622030572e-08	8.570311389151569e-05
0.0001	0.9399027622643479	1.7128538000000002e-08	9.39731476884348e-05
0.00010964782	0.9399246838178723	1.9425574014918802e-08	0.00010304126697080406
0.00012022644	0.9399475731706853	2.2055429809675197e-08	0.00011298449507914134
0.00013182567	0.9399714861611561	2.50679773167402e-08	0.0001238873029667734
0.00014454398	0.9399964796141966	2.8520430898216602e-08	0.00013584231191852663
0.00015848932	0.940022611237911	3.2478365259951594e-08	0.0001489510660744609
0.00017378008	0.9400499393229332	3.70168635603856e-08	0.00016332493679597408
0.00019054607	0.9400785225733066	4.22217945997991e-08	0.00017908604617315006
0.00020892961	0.9401084199091742	4.81912630011229e-08	0.00019636829426633888
0.00022908677	0.9401396901755136	5.5037225962774e-08	0.00021531852774514634
0.00025118864	0.9401723919542248	6.28872965315776e-08	0.00023609773720399707
0.00027542287	0.9402065832916546	7.188678198932309e-08	0.00025888250878109223
0.00030199517	0.9402423214449163	8.220090788882431e-08	0.0002838664387980633
0.00033113112	0.9402796625812254	9.401734365838079e-08	0.0003112618404400849
0.00036307805	0.9403186614396601	1.0754895399548098e-07	0.00034130151702012644
0.00039810717	0.9403593710492885	1.23036852181482e-07	0.0003742407711392307
0.00043651583	0.9404018422312003	1.4075376548079749e-07	0.00041035953692960067
0.00047863009	0.9404461232696586	1.6100769220784751e-07	0.00044996480492849996
0.00052480746	0.9404922593671529	1.8414591102568798e-07	0.000493393207877111
0.00057543994	0.9405402921464278	2.105593032525922e-07	0.0005410138899770702
0.00063095734	0.9405902590773495	2.406870122894614e-07	0.0005932316408850659
0.00069183097	0.9406421928004187	2.7502147617457057e-07	0.0006504903791918662
0.00075857758	0.9406961206569864	3.1411369318457425e-07	0.0007132768730301803
0.00083176377	0.9407520636933168	3.585788841584328e-07	0.0007821249042486749
0.00091201084	0.9408100362847598	4.091023349982036e-07	0.000857619849137496
0.001	0.9408700451022295	4.6644557e-07	0.0009404035995322296
0.0010964782	0.9409320888303339	5.31452610856228e-07	0.0010311800704720683
0.0012022644	0.9409961569459416	6.05056415046888e-07	0.0011307211236178713
0.0013182567	0.941062229530267	6.88285472595198e-07	0.0012398733037226172
0.0014454398	0.9411302764232624	7.82270343049832e-07	0.0013595648881841354
0.0015848932	0.9412002572236176	8.882501290600079e-07	0.0014908136373829024
0.0017378008	0.9412721205371082	1.0075793888951439e-06	0.001634735864698188
0.0019054607	0.941345804728247	1.1417348260752721e-06	0.0017925557011934734
0.0020892961	0.9414212375444586	1.292322507061645e-06	0.0019656153975517493
0.0022908677	0.9414983376193837	1.461085981410055e-06	0.0021553870452745314
0.0025118864	0.9415770154124448	1.6499157019633922e-06	0.002363484583865147
0.0027542287	0.941657175463802	1.8608616530374608e-06	0.0025916783565703015
0.0030199517	0.9417387193070067	2.096149501753578e-06	0.002841909296825264
0.0033113112	0.9418215496030883	2.358204510357456e-06	0.0031163060410917044
0.0036307805	0.9419055750262955	2.649685262257365e-06	0.003417202709384503
0.0039810717	0.9419907174047907	2.973533674102713e-06	0.0037471590530488066
0.0043651583	0.9420769203646527	3.333047656240513e-06	0.004108981840511962
0.0047863009	0.9421641600409222	3.7319870778563584e-06	0.0045057491800737535
0.0052480746	0.9422524585133845	4.174726417197912e-06	0.0049408364678944485
0.0057543994	0.9423419007187473	4.6664726494359995e-06	0.005417945195441382
0.0063095734	0.9424326538056865	5.213573432350114e-06	0.005941134430311418
0.0069183097	0.9425249916575016	5.823948502865796e-06	0.006514855843773646
0.0075857758	0.9426193230790761	6.507685950166064e-06	0.007143991163675471
0.0083176377	0.9427162257151877	7.27786145581578e-06	0.007833894157954538
0.0091201084	0.942816485324338	8.151650564280964e-06	0.00859043689690069
0.01	0.9429211409718482	9.1518249e-06	0.009420059584818482
0.010964782	0.9430315371757336	1.030874790886236e-05	0.010329826476347953
0.012022644	0.9431493819718443	1.1663008966857842e-05	0.011327486249300644
0.013182567	0.9432768123076121	1.3268873266149001e-05	0.01242154090452537
0.014454398	0.9434164644154964	1.5198744570287603e-05	0.013621318311844134
0.015848932	0.9435715497298631	1.7548888446319998e-05	0.0149370524403569
0.017378008	0.9437459329648666	2.0446686164672e-05	0.016379977686866245
0.019054607	0.9439442103802425	2.40597149189826e-05	0.017962426243801857
0.020892961	0.9441717833492748	2.8606938881246203e-05	0.0196979373079356
0.022908677	0.9444349205580221	3.43723416224067e-05	0.02160138220096198
0.025118864	0.9447408025407156	4.17211193874128e-05	0.023689094614883676
0.027542287	0.9450975360551077	5.1118633400349796e-05	0.025979028947622277
0.030199517	0.9455141283383833	6.315184379256969e-05	0.028490918148702617
0.033113112	0.9460004048951894	7.855286471476319e-05	0.031246464494624995
0.036307805	0.94656685785179	9.8223606528354e-05	0.034269541287817146
0.039810717	0.9472244102191174	0.0001232600947581312	0.03758642283596706
0.043651583	0.9479840877965546	0.0001549743555674642	0.041226031735563134
0.047863009	0.9488565995620472	0.00019491133976177587	0.04522022062478588
0.052480746	0.9498518448700796	0.00024485838274150383	0.04960407502551655
0.057543994	0.9509783912412526	0.0003068455680570112	0.05441624927165928
0.063095734	0.9522430001636502	0.0003831378849860042	0.059699333156701624
0.069183097	0.9536503309418438	0.00047622537653744694	0.06550025797309424
0.075857758	0.9552029842927218	0.0005888261462152475	0.07187073067713984
0.083176377	0.9569021290355797	0.0007239313696600637	0.07886772086710596
0.091201084	0.9587489819075461	0.0008849418840231632	0.08655400454984143
0.1	0.9607474383465613	0.0010759741999999998	0.09499876963465613
0.10964782	0.9629082009415277	0.00130245141057436	0.10427833368278609
0.12022644	0.965254685540098	0.00157213815722544	0.11447699637858003
0.13182567	0.9678308919876126	0.00189682967870475	0.12568812610425992
0.14454398	0.9707111530571714	0.00229493156402706	0.13801552192924565
0.15848932	0.9740111499137969	0.00279515631891408	0.15157520850334164
0.17378008	0.9778986410111666	0.0034414265308074406	0.16649787753600437
0.19054607	0.9826012633027131	0.0042987915561605305	0.1829320175432067
0.20892961	0.9884080082987893	0.005459740420265209	0.20104795927447758
0.22908677	0.9956618295664945	0.00705000743651446	0.22104294511116426
0.25118864	1.0047442150666284	0.009233224683643201	0.24314710824681066
0.27542287	1.016057576880334	0.0122149133949529	0.2676305805146743
0.30199517	1.030014511977149	0.01624787860338811	0.29481152904361807
0.33113112	1.0470416384603296	0.021642225690504238	0.3250658447394998
0.36307805	1.067600747062008	0.028783414704229397	0.3588389827175877
0.39810717	1.0922253549331364	0.03816148280601987	0.39666126224865667
0.43651583	1.1215672667439702	0.0504138461546535	0.43916802018892215
0.47863009	1.1564399675701937	0.0663804174424515	0.4871265483152673
0.52480746	1.1978257354026163	0.0871568846081892	0.54147099711109
0.57543994	1.246790384987319	0.1141086410117146	0.6033443433179652
0.63095734	1.3042855175064345	0.148806398719615	0.6741421220067683
0.69183097	1.3709774821018363	0.19293281205737722	0.755551869233294
0.75857758	1.4473290804779744	0.2483192253608542	0.8495921659717528
0.83176377	1.5339000492964576	0.3171739248993261	0.9586685629066815
0.91201084	1.631601907881588	0.40237719442436876	1.085661432128321
1.0	1.7418134495931838	0.50776361	1.2340498395931838
1.0964782	1.8664691267390536	0.6384658788259598	1.4080768296164494
1.2022644	2.0082539446155447	0.801479811895716	1.6129724118751256
1.3182567	2.1710405003300997	1.006715414220792	1.8552732713107143
1.4454398	2.36084848572798	1.269145853074722	2.143318509966232
1.5848932	2.5882048849471198	1.61391243600268	2.4881158863567925
1.7378008	2.8756127579026947	2.0920716515692797	2.9051704996042296
1.9054607	3.299611165049475	2.8671276606830003	3.4201517395999876
