### name of eos: 1D/NS/Skyrme/BSK24 
### link: https://compose.obspm.fr/eos/253 
### Number density nb [fm-3] 	 Chemical potential mu [MeV] 	 Pressure p [MeV/fm3] 	 Energy density e [MeV] 
n	mu	p	e
4.67962e-10	0.9304598128297478	9.000000079422e-15	4.3541083493135497e-10
5.84964e-10	0.9304671427535648	1.2854500250148002e-14	5.442769271934461e-10
7.33846e-10	0.9304755928269928	1.8414700022552e-14	6.828073771936948e-10
9.2229e-10	0.9304852327657683	2.6380199998860003e-14	8.581508451275417e-10
1.16133e-09	0.9304962128063641	3.779109966792e-14	1.0805753757187467e-09
1.46524e-09	0.9305086828094267	5.41378999798e-14	1.3633644044997042e-09
1.85248e-09	0.9305228327550362	7.755559979104001e-14	1.7236973816222584e-09
2.34706e-09	0.9305388528111856	1.1110299984364001e-13	2.1839194168791774e-09
2.98011e-09	0.9305569327700417	1.591609996536e-13	2.7730028599176754e-09
3.79222e-09	0.9305773228378126	2.2800800111288e-13	3.5287259272108966e-09
4.83622e-09	0.9306002427787949	3.2663399940042e-13	4.500260872132263e-09
4.92567e-09	0.9306020727699015	3.3555999792714e-13	4.583503151782593e-09
5.08413e-09	0.9306022728033289	3.365659996329e-13	4.730966367227956e-09
7.07088e-09	0.9306367727912327	5.4515600232912e-13	6.5798757879917414e-09
9.89204e-09	0.9306771428065725	8.856700020042e-13	9.205409853726324e-09
1.38896e-08	0.9307239327768498	1.4388700552640002e-12	1.292594426664207e-08
1.95693e-08	0.9307779827672947	2.337620007699e-12	1.821233595816032e-08
2.7658e-08	0.9308401927873957	3.79773989376e-12	2.574138031222003e-08
3.92004e-08	0.9309116028418536	6.169879925316e-12	3.648593731611648e-08
5.56984e-08	0.9309933528111481	1.0023700173792e-11	5.184481646204267e-08
7.93119e-08	0.9310867227588847	1.628470000512e-11	7.382997234677527e-08
1.13147e-07	0.9311931328378366	2.645640039922e-11	1.0533525300080348e-07
1.61673e-07	0.9313142227771611	4.298149942868999e-11	1.5052538283962328e-07
1.62748e-07	0.9313166128430731	4.3369399516159995e-11	1.515265467074683e-07
1.68369e-07	0.9313174127888697	4.349959932768e-11	1.567614818745215e-07
1.96094e-07	0.931372292791197	5.34870994797e-11	1.8258303128311732e-07
2.28942e-07	0.9314310827940326	6.596509966956e-11	2.1317772985736188e-07
2.67348e-07	0.9314931827910506	8.135419958448e-11	2.489514852332374e-07
3.12257e-07	0.9315587527902017	1.0033299847065e-10	2.9078540847153937e-07
3.64775e-07	0.9316279928249135	1.2374000051775e-10	3.3971086108219006e-07
4.26195e-07	0.9317010828219183	1.5260700009555001e-10	3.9693373599319197e-07
4.98032e-07	0.9317782228146435	1.8820900209407998e-10	4.6386716286272843e-07
5.82057e-07	0.9318596327552986	2.3211699768180001e-10	5.42163305264969e-07
6.80342e-07	0.931945542837353	2.8626699988692e-10	6.337554275051635e-07
7.95315e-07	0.9320361728251032	3.5305100162730006e-10	7.409092977887697e-07
8.00657e-07	0.932040172835956	3.5623800038969997e-10	7.458882506619284e-07
8.27523e-07	0.9320414627649954	3.5730600246279e-10	7.709284413892145e-07
8.29372e-07	0.9320427628413389	3.5837800248324e-10	7.726517923007637e-07
8.33082e-07	0.9320453528467219	3.6053199741144003e-10	7.761096746428414e-07
8.36808e-07	0.9320479427581482	3.6269800105896e-10	7.795824768825016e-07
8.40551e-07	0.9320505428168786	3.6487800290032996e-10	7.830711378123698e-07
8.44311e-07	0.9320531528349998	3.6706999922346e-10	7.86575659524048e-07
8.48088e-07	0.9320557527997737	3.6927600351839997e-10	7.900960232769361e-07
8.51882e-07	0.932058362817895	3.7149499796798e-10	7.936322472360661e-07
8.55693e-07	0.9320609827954073	3.7372699824480007e-10	7.971843315529057e-07
8.59521e-07	0.9320636027729194	3.7597299948234e-10	8.007522669195002e-07
8.63366e-07	0.9320662228443882	3.7823200230634e-10	8.043360545499617e-07
8.67229e-07	0.9320688527812914	3.8050499711466e-10	8.079366341315519e-07
8.71108e-07	0.9320714828121511	3.8279099715108e-10	8.115521342523762e-07
8.75006e-07	0.9320741128430108	3.8509200436278e-10	8.151853491779488e-07
8.7892e-07	0.9320767528332615	3.874059981568e-10	8.188334936020534e-07
8.98446e-07	0.9320780528156484	3.8856800310954006e-10	8.370332302368985e-07
9.62821e-07	0.9321186927680651	4.2637900225708004e-10	8.970370728873842e-07
1.03414e-06	0.9321616628421353	4.692730006088e-10	9.63516389010957e-07
1.11075e-06	0.9322056928396882	5.164819998899999e-10	1.0349309913217937e-06
1.19307e-06	0.9322508128268097	5.684410052145001e-10	1.1116720362540672e-06
1.28151e-06	0.9322970428162382	6.256270051218e-10	1.1941223563343156e-06
1.37653e-06	0.9323444127801028	6.885650009481999e-10	1.282711489523247e-06
1.47861e-06	0.9323929527844897	7.578349996643999e-10	1.37788770891701e-06
1.5883e-06	0.932442682842137	8.34074001173e-10	1.4801646391569933e-06
1.70614e-06	0.9324936427906088	9.179829967379999e-10	1.590046720714031e-06
1.83276e-06	0.9325458427772086	1.0103300084124001e-09	1.7081223887999446e-06
1.87003e-06	0.932560752831051	1.0379399925766002e-09	1.7428786446240737e-06
1.93532e-06	0.9325624028014686	1.0410599913928e-09	1.8037656093983455e-06
2.1888e-06	0.9326529027533975	1.227509989632e-09	2.0401631635570045e-06
2.48111e-06	0.9327490027956855	1.4516999917322e-09	2.3128011783346716e-06
2.81256e-06	0.9328492627628204	1.7168400063888002e-09	2.6219776824698096e-06
3.18838e-06	0.9329538528100568	2.0304000155634e-09	2.972581005206966e-06
3.61454e-06	0.9330629727829091	2.401230008408e-09	3.370192207634328e-06
4.09777e-06	0.9331768027960226	2.8397900147328003e-09	3.821104117178725e-06
4.64571e-06	0.9332955427888684	3.3584500068246004e-09	4.3324619860828495e-06
5.26706e-06	0.9334194128076123	3.971830006857199e-09	4.912404222415605e-06
5.97163e-06	0.9335486127917252	4.6972400276543e-09	5.570109662577796e-06
6.77059e-06	0.9336833828001113	5.5551399798487e-09	6.316032234772757e-06
6.83159e-06	0.9336932328256616	5.6221100036384e-09	6.372987242435823e-06
7.09053e-06	0.9336956227976172	5.6389700285964e-09	6.6147578542865915e-06
7.70397e-06	0.9337850027878483	6.2999099885847e-09	7.187551737938915e-06
8.38934e-06	0.9338794327530239	7.059440010916001e-09	7.827572640361336e-06
9.13575e-06	0.9339765928127511	7.910529992332499e-09	8.524666127796759e-06
9.94865e-06	0.9340765828428091	8.864230038322e-09	9.283936765860792e-06
1.08339e-05	0.9341794728408037	9.932909973755999e-09	1.0110874080836226e-05
1.17981e-05	0.934285332804341	1.1130399980334e-08	1.1011661384978562e-05
1.28481e-05	0.9343942727565042	1.2472300012974e-08	1.1992718755789867e-05
1.39917e-05	0.9345063627888557	1.3976000053347e-08	1.3061356676179485e-05
1.52371e-05	0.9346217027771745	1.566100069313e-08	1.4225263346692955e-05
1.65934e-05	0.9347403927851526	1.754910019168e-08	1.549297213344947e-05
1.67431e-05	0.9347530828343811	1.7760599953030002e-08	1.5632903741251294e-05
1.74351e-05	0.9347562427800038	1.7813900213129998e-08	1.6279754668280512e-05
1.86075e-05	0.9348459727582656	1.943060090175e-08	1.737571583719768e-05
1.99035e-05	0.9349408727879022	2.125760078655e-08	1.858733806074746e-05
2.12897e-05	0.9350379428372848	2.325629984501e-08	1.9883420991777933e-05
2.27726e-05	0.9351372228379341	2.544309953406e-08	2.1270062821265078e-05
2.43589e-05	0.9352387728280651	2.7835399772109997e-08	2.2753552343669443e-05
2.60556e-05	0.9353426227798068	3.045269876148e-08	2.434046054334005e-05
2.78707e-05	0.9354488427847223	3.331599932804e-08	2.603829806327212e-05
2.98122e-05	0.93555749278707	3.644860142418e-08	2.7854578485042507e-05
3.1889e-05	0.9356686027589793	3.9875800950699994e-08	2.9797660272430392e-05
3.41106e-05	0.9357822528453604	4.362519927828e-08	3.187646891462867e-05
3.46509e-05	0.9358091428250661	4.4549598347369995e-08	3.2382079428769716e-05
3.62204e-05	0.9358129628152299	4.4683300082040005e-08	3.385083653827072e-05
3.83975e-05	0.9359099827857883	4.8302400067749996e-08	3.588830116394956e-05
4.07969e-05	0.9360127627607	5.237140073807e-08	3.8134047680333936e-05
4.33464e-05	0.9361176528110993	5.678309912688e-08	4.052054712668415e-05
4.60552e-05	0.9362246828151588	6.15664992496e-08	4.30564485127391e-05
4.89333e-05	0.9363339027577463	6.67528015947e-08	4.575115496222093e-05
5.19913e-05	0.9364453628116429	7.23761008953e-08	4.8614635690653666e-05
5.52406e-05	0.9365590927610644	7.847300104049999e-08	5.165761321853636e-05
5.86929e-05	0.9366751627915302	8.508349925523e-08	5.489109816295177e-05
6.2361e-05	0.9367936027812132	9.225090168839999e-08	5.832713496135083e-05
6.62584e-05	0.9369144727683284	1.0002199767664001e-07	6.197843190479637e-05
6.81102e-05	0.9369189827751624	1.003219996023e-07	6.371341730101056e-05
6.85705e-05	0.9369322328052397	1.0122800289985e-07	6.414468366667183e-05
6.91891e-05	0.9369499528166744	1.0244800285687e-07	6.472427597757128e-05
6.98133e-05	0.9369677228129767	1.0368299909244e-07	6.530912572396674e-05
7.04431e-05	0.9369855427941467	1.0493299978616e-07	6.589923328981619e-05
7.10787e-05	0.9370034127601845	1.0619800331447998e-07	6.649478647124283e-05
7.17199e-05	0.9370213427644374	1.0747800057000999e-07	6.709559900036116e-05
7.2367e-05	0.9370393227535581	1.0877299957819999e-07	6.770195167012852e-05
7.30198e-05	0.9370573627808939	1.1008400060378001e-07	6.831365721818455e-05
7.36786e-05	0.9370754527930973	1.1141100251775999e-07	6.893099645364374e-05
7.43433e-05	0.9370936028435162	1.1275400004377999e-07	6.955387684423259e-05
7.5014e-05	0.9371118027848461	1.141129996178e-07	7.018239177448464e-05
7.53516e-05	0.9371209227682494	1.1479899900276e-07	7.049876192506127e-05
7.88844e-05	0.9371254028029541	1.1514400099356e-07	7.380943112387579e-05
8.21378e-05	0.9372046428178193	1.2152199622554003e-07	7.685840551461593e-05
8.57176e-05	0.9372894428036104	1.2863899956328e-07	8.021356254289948e-05
8.94535e-05	0.9373754727741822	1.3617299667415003e-07	8.371534385713117e-05
9.33521e-05	0.9374627328234914	1.4414800221804003e-07	8.736996677859381e-05
9.74208e-05	0.9375512427763631	1.525900041984e-07	9.118440210806912e-05
0.000101667	0.9376410327928401	1.61527004595e-07	9.516562387635467e-05
0.000106098	0.9377321027789655	1.709869957002e-07	9.932051364494247e-05
0.000110722	0.9378244828008253	1.810009958036e-07	0.00010365680138886938
0.000115548	0.9379181927772012	1.91601000312e-07	0.00010818297033870805
0.000120584	0.938013242761441	2.028219985984e-07	0.0001129065668665472
0.000122494	0.9380486028273132	2.071199966002e-07	0.00011469820555812871
0.000126642	0.9380535227664364	2.077420044318e-07	0.00011858923222575524
0.000128937	0.9380929427874198	2.1277999911210002e-07	0.00012074210976506945
0.000131569	0.9381375828446459	2.185949992844e-07	0.00012321122863800281
0.000134255	0.9381825327704693	2.245680028625e-07	0.00012573112793423685
0.000136996	0.9382277827934121	2.3070400392e-07	0.00012830274932764627
0.000139792	0.9382733328195176	2.370090043968e-07	0.0001309260967371092
0.000142646	0.9383191928081771	2.434849964988e-07	0.00013360399458081643
0.000145558	0.9383653728127378	2.501390067372e-07	0.00013633644792913929
0.000148529	0.9384118528204612	2.569740034772e-07	0.00013912440008409307
0.000151561	0.9384586528440861	2.6399599738650004e-07	0.00014196973588631606
0.000154655	0.9385057727896556	2.71209998406e-07	0.0001448734002923782
0.000157812	0.9385532128450831	2.786219939532e-07	0.00014783633763155508
0.000160773	0.9385584428407167	2.7945799196309997e-07	0.00015061539853886743
0.000161134	0.9385636528236118	2.8029599292739997e-07	0.00015095421964115245
0.000161497	0.93856886083342	2.811369975939e-07	0.0001512949183204209
0.00016186	0.9385740777690975	2.81979996408e-07	0.00015163562023129813
0.000162223	0.9385792978053401	2.8282600223079996e-07	0.00015197632342564486
0.000162588	0.9385845228212781	2.8367500652999995e-07	0.00015231890538993596
0.000162954	0.9385897508438249	2.8452599465400006e-07	0.00015266242826435063
0.00016332	0.938594983846067	2.8537899852e-07	0.00015300595376321966
0.000163687	0.9386002197609611	2.862350046136e-07	0.00015335041916739883
0.000164055	0.9386054598099421	2.870940024465e-07	0.00015369582470667353
0.000164424	0.9386107038050969	2.8795499484960003e-07	0.00015404217136759968
0.000167607	0.9386159437601214	2.888190080226e-07	0.00015702978347778007
0.000169499	0.9386418008006564	2.9317799637610006e-07	0.00015880566859753436
0.000171798	0.9386729588021832	2.984940084984e-07	0.00016096364296779906
0.000174128	0.9387042567989222	3.039080013664e-07	0.00016315078682651636
0.00017649	0.9387356957962081	3.09419002935e-07	0.0001653680439481378
0.000178883	0.938767276799376	3.1503099440639994e-07	0.00016761447578129634
0.00018131	0.9387990008043645	3.20744007815e-07	0.00016989290282802433
0.000183769	0.9388308678017782	3.2656100461099993e-07	0.00017220144874045395
0.000186261	0.9388628778010129	3.324830001702e-07	0.00017454105548192427
0.000188788	0.938895032803342	3.385130064952e-07	0.00017691360244638212
0.000191348	0.9389273327993702	3.44651999292e-07	0.0001793172152772019
0.000193943	0.938959778803828	3.5090300933e-07	0.00018175377337122082
0.000195254	0.9389760558028678	3.54069991401e-07	0.00018298476080833215
0.000198954	0.9389814538021516	3.55131994707e-07	0.00018645898416504627
0.000202106	0.9390189807966004	3.6265799586999995e-07	0.0001894187121370077
0.000205769	0.9390621108034561	3.714530053398e-07	0.00019285841847257654
0.000209498	0.9391055007973933	3.804629909604e-07	0.0001963602612150919
0.000213295	0.9391491527984775	3.8969000765900007e-07	0.00019992612853849225
0.000217161	0.939193066797313	3.991410059238e-07	0.00020355696457284746
0.000221097	0.9392372448045692	4.088219946849e-07	0.00020725371511987092
0.000225104	0.9392816888027284	4.1873699762400003e-07	0.0002110173282786254
0.000229184	0.9393264008024607	4.2889298953600003e-07	0.00021484968885197514
0.000233338	0.9393713817997046	4.3929499905760003e-07	0.0002187517444873219
0.000237567	0.9394166337957343	4.4994999746399995e-07	0.0002227244414434872
0.000239173	0.9394336728009287	4.540119888821e-07	0.00022423315783593443
0.00024364	0.9394393577997933	4.5537400197999996e-07	0.00022842963113236161
0.000244187	0.9394449588015306	4.5673998926789996e-07	0.00022894350616560144
0.000245286	0.9394561728032524	4.594840108452e-07	0.0002299759627913734
0.00024639	0.939467404299678	4.6224501049499997e-07	0.00023101312873490264
0.000247499	0.9394786522995662	4.650230001115999e-07	0.00023205500396537873
0.000248613	0.9394899172003527	4.6781699642010004e-07	0.0002331015897885112
0.000249732	0.9395011990001586	4.7062799537040005e-07	0.00023415288543333722
0.000250856	0.9395124978004571	4.7345600661519995e-07	0.00023520889114161627
0.000251985	0.9395238134997749	4.76300988663e-07	0.00023626960715607774
0.000253119	0.9395351461995849	4.791629996055e-07	0.00023733503367128725
0.000254258	0.9395464958998875	4.820429875754e-07	0.0002384051699669382
0.000255402	0.9395578627099541	4.849390052766e-07	0.0002394800182465711
0.000255977	0.939563552489984	4.863940054121e-07	0.00024002026547031654
0.00027	0.9397396997980532	5.1414399e-07	0.0002532155749554744
0.00030375	0.9398427318019296	5.47180990875e-07	0.0002849300487939611
0.000341719	0.9399312517987531	5.795210128966999e-07	0.0003206128464205214
0.000384434	0.9400164018007618	6.144289831894e-07	0.0003607598364266847
0.000432488	0.9401016648042747	6.534660136479999e-07	0.00040592922279422314
0.000486549	0.9401890118009459	6.980319991008001e-07	0.0004567499915036377
0.000547367	0.9402795487999301	7.494870268429e-07	0.0005139285087611285
0.000615788	0.940374127798935	8.093830030104e-07	0.0005782617204060403
0.000692762	0.9404734298042008	8.795000151196e-07	0.0006506447541628982
0.000779357	0.940577992820147	9.618810065574e-07	0.000732084161743774
0.000876777	0.9406883328183888	1.0589600378544e-06	0.0008237149343456541
0.000986374	0.9408049327636179	1.173609978615e-06	0.0009268119147711658
0.00110967	0.9409281928166451	1.3091800105740004e-06	0.0010428106077122726
0.00124838	0.9410585327751944	1.4696399999260002e-06	0.0011733290111459712
0.00140443	0.9411964327570739	1.659800034874e-06	0.0013201847060221432
0.00157998	0.9413422428442709	1.885140023166e-06	0.001485416776825925
0.00177748	0.9414963527684233	2.1521599861439996e-06	0.0016713387771326727
0.00199966	0.9416591427715604	2.4685400768339995e-06	0.0018805295813577442
0.00224962	0.9418309428289746	2.843170089052e-06	0.0021159185555178657
0.00253082	0.9420121028347396	3.286560055054e-06	0.002380776510041162
0.00284718	0.9422028728071509	3.810749988528e-06	0.002678810425410536
0.00320307	0.9424034228075064	4.4296600319399996e-06	0.0030141544714601
0.00360346	0.9426139628286248	5.159579968130001e-06	0.003391512130526306
0.00405389	0.9428346428251089	6.019200061829e-06	0.003816128730140452
0.00456062	0.9430654927690881	7.0297100239699995e-06	0.004293933637608589
0.0051307	0.9433064728229987	8.215290179819999e-06	0.00483160722993314
0.00577204	0.9435574828291924	9.603490137392e-06	0.00543664804305202
0.00649355	0.9438183227542413	1.122519988366e-05	0.006117506269837143
0.00730524	0.944088612825899	1.311490013052e-05	0.00688367899782975
0.00821839	0.944367992814874	1.5311099725149003e-05	0.0077458733687446844
0.00924569	0.9446558628087973	1.7856200172431002e-05	0.008716139064040238
0.0104014	0.9449515728164756	2.079680047248e-05	0.00980802248902081
0.0117016	0.945254382836371	2.4183799694079998e-05	0.011036804886503998
0.0131643	0.9455633828056468	2.8071999589770002e-05	0.012419608040678607
0.0148098	0.945877662755424	3.252099976584e-05	0.013975738010109437
0.016661	0.9461962527725643	3.7595499849199996e-05	0.015726980267594493
0.0187437	0.9465197327566984	4.3395200561819994e-05	0.017697886714309906
0.0210866	0.9468442927710102	4.9945299028000004e-05	0.019915781564917186
0.0237225	0.9471689828211431	5.731880030025e-05	0.022411897394674318
0.0266878	0.9474970027842406	6.570019951069999e-05	0.02522091031139456
0.0300237	0.9478270828379578	7.519390028976e-05	0.028382082086712234
0.0337767	0.9481624828036967	8.605610062116001e-05	0.03193974363229446
0.0379988	0.9485023128192724	9.844970016391998e-05	0.03594349998419305
0.0427486	0.948851422826202	0.00011277600075489999	0.040449293933073276
0.0480922	0.9492247124491546	0.00013001400204884	0.04552029071399839
0.0541037	0.9496271827117284	0.00015092699981338	0.05122741720546716
0.0608667	0.9500853823435549	0.00017771400131081998	0.05765084794017964
0.065	0.950373683222071	0.00019617300300000002	0.06157811640643462
0.06552	0.9504104831715859	0.00019862099711999998	0.0620722738602823
0.066	0.9504445828107653	0.0002009029968	0.06252843946871052
0.0665725	0.9504853824892632	0.00020365299991	0.06307253512585648
0.067	0.9505157830603178	0.0002057259991	0.0634788314659413
0.0676419	0.9505617832321025	0.00020887600236663001	0.06408892908284092
0.0677259	0.9505683827379465	0.00020933500019850002	0.0641687642322734
0.0678099	0.9505737824190519	0.00020970899845484999	0.06424860413000283
0.0678939	0.9505798830157839	0.00021012500084474997	0.06432845051864057
0.0679782	0.950586482521628	0.00021058600175502	0.06440857202439672
0.0680624	0.9505918831422988	0.00021095699939104	0.06448860798779335
0.0681468	0.9505979827994655	0.00021137999989907997	0.06456883061433953
0.0681831	0.9506005825763262	0.00021156000225326999	0.06460333457960664
0.0687285	0.9506395829874991	0.00021428300252294998	0.06512174957683338
0.0688137	0.9506456826446659	0.00021471600247596	0.0652027308093293
0.0691445	0.9506693831764019	0.00021638299709509997	0.06551717616794563
0.0692552	0.9506772830404588	0.00021694000255648003	0.0656224053698671
0.0698092	0.9507169824881279	0.00021975300198188	0.06614903897192834
0.0703677	0.9507567824692712	0.00022260800081013002	0.06667996004095282
0.0709307	0.950796883111273	0.00022549800140784	0.06721519047549293
0.0714981	0.9508366830924166	0.00022840200316485	0.06775461424824507
0.0720701	0.9508769829222372	0.00023130699681524	0.06829849225008869
0.0726466	0.9509131824896001	0.00023381699775174	0.06884679260529723
0.0732278	0.9509549828050176	0.00023683999984424	0.06939950129000504
0.0738136	0.9509956828896063	0.00023988300247687998	0.06995653193606335
0.0744042	0.9510359827194269	0.00024291800177892004	0.07051815346367386
0.0749994	0.9510757827005702	0.00024594199994825995	0.07108417105712489
0.0807555	0.9513510114086983	0.00026768140257809995	0.07655914519923702
0.0817555	0.9514581988838825	0.00027639116222309993	0.07751054961662814
0.0827555	0.9515676986289814	0.0002853983135615	0.07846206237032917
0.0837555	0.9516795378913856	0.0002947097408016	0.07941368579506035
0.0847555	0.9517937429789203	0.00030433234512505005	0.08036542223792484
0.0857555	0.951910339259845	0.00031427301746019996	0.08131727408093745
0.0867555	0.9520293511628547	0.0003245387048865	0.08226924366992253
0.0877555	0.9521508040562093	0.000335136323879	0.0832213335614757
0.0887555	0.9522747204894733	0.0003460728184372	0.08417354613596625
0.0897555	0.9524011230122109	0.00035735515958505005	0.08512588383693744
0.0907555	0.9525300341739865	0.00036899029041765003	0.08607834922605959
0.0917555	0.9526614746452344	0.00038098520518120007	0.0870309447316296
0.0927555	0.9527954669755188	0.00039334687606859997	0.08798367306097912
0.0937555	0.952932029016578	0.0004060822970972001	0.08893653654936658
0.0947555	0.9530711823784114	0.0004191984646577	0.08988953795719987
0.0957555	0.9532129458523226	0.00043270240474080004	0.09084267983182127
0.0967555	0.9533573372900501	0.00044660111488389995	0.09179596473328354
0.0977555	0.9535043754828977	0.0004609016393754999	0.09274939533814289
0.0987555	0.9536540782826035	0.00047561100112634996	0.0937029743267113
0.0997555	0.9538064635409063	0.0004907362290960999	0.09465670444465878
0.1007555	0.953961546290849	0.00050628438751995	0.09561058818978767
0.1017555	0.9541193443841697	0.0005222625255309001	0.09656462842195247
0.1027555	0.9542798728539119	0.0005386776854353	0.09751882778960484
0.1037555	0.9544431476726833	0.0005555369427150499	0.09847318906563805
0.1047555	0.9546091838735271	0.0005728473646254	0.09942771499663786
0.1057555	0.9547779964894858	0.0005906160192705	0.10038240838847332
0.1067555	0.9549495986744725	0.0006088500066300501	0.10133727187466259
0.1077555	0.9551240064010947	0.0006275563836304499	0.10229230848812274
0.1087555	0.9553012318837004	0.0006467422590247501	0.10324752086510304
0.1097555	0.9554812892157672	0.00066641470708825	0.1042029119314329
0.1107555	0.9556641906116422	0.00068658084264735	0.10515848442064041
0.1117555	0.9558499492252379	0.0007072477550262499	0.10611424124561482
0.1127555	0.9560385772709021	0.0007284225624247	0.1070701852370445
0.1137555	0.9562300869629817	0.00075011235554025	0.10802631930197722
0.1147555	0.9564244905158245	0.00077232424147045	0.10898264637991825
0.1157555	0.9566217992042126	0.0007950653552883999	0.10993916932249484
0.1167555	0.9568220233633629	0.0008183427904894499	0.11089589095831165
0.1177555	0.9570251752076226	0.00084216367892005	0.11185281434024116
0.1187555	0.957231264132644	0.0008665351324	0.1128099422553042
0.1197555	0.9574403023527741	0.0008914642891246499	0.11376727783928298
0.1207555	0.9576522983240995	0.00091695825378715	0.11472482385648865
0.1217555	0.9578672633214028	0.0009430241686317499	0.1156825834106973
0.1227555	0.9580852067403354	0.00096966915307605	0.11664055944293719
0.1237555	0.9583061370369841	0.0009969003269621	0.11759875481511839
0.1247555	0.958530064546566	0.00102472484748305	0.11855717262005606
0.1257555	0.958756998664733	0.0010531498221543	0.11951581592342853
0.12577337	0.9587610810754522	0.001053663225108739	0.11953294896659412
0.13577337	0.9611587001519634	0.0013674276470712601	0.12913232817738032
0.14577337	0.963839934495424	0.0017451207968870502	0.13875707459509015
0.15577337	0.9668230511321186	0.0021951510086916097	0.14841013385984084
0.16577337	0.9701161829382691	0.0027248596522194603	0.1580945692849939
0.17577337	0.9737241874658704	0.00334127458414304	0.16781350729724476
0.18577337	0.9776500205869879	0.00405122638645646	0.17757011261855765
0.19577337	0.9818953143263441	0.0048613820679083404	0.18736757260496933
0.20577337	0.9864606747034819	0.00577825142270409	0.19720908598350514
0.21577337	0.9913458621292796	0.006808185157230969	0.20709785234995903
0.22577337	0.9965499163681205	0.00795736684728747	0.21703706614436127
0.23577337	1.0020712317031069	0.0092318029694317	0.22702990830926068
0.24577337	1.007907622705624	0.01063731206572923	0.2370795410153205
0.25577337	1.0140563702740324	0.01217951327076723	0.24718910192418989
0.26577337	1.0205142620349728	0.01386381562712187	0.25736169892697586
0.27577337	1.0272776242885793	0.0156954069461855	0.26760040542946983
0.28577337	1.0343423548932649	0.01767924493786068	0.2779082555537236
0.29577337	1.0417039608483247	0.0198200485929341	0.28828824244952295
0.30577337	1.0493575648708953	0.02212229083122387	0.29874330811434335
0.31577337	1.0572979711655155	0.024590193117046924	0.30927635033205075
0.32577337	1.0655196550889108	0.02722772257777988	0.31989020626177217
0.33577337	1.0740168289195544	0.03003858955509985	0.3305876605279324
0.34577337	1.082783470044625	0.03302624849086539	0.34137144092675875
0.35577337	1.0918133303556574	0.03619389936567739	0.35224420858587807
0.36577337	1.1011000020181048	0.0395444942351737	0.36320856420999525
0.37577337	1.110636945658294	0.0430807446790035	0.3742670432375205
0.38577337	1.120417509154732	0.04680512300856109	0.3854221153050657
0.39577337	1.130435002803316	0.050719889008441904	0.39667618161698603
0.40577337	1.1406827087129903	0.05482708332097501	0.4080315834942234
0.41577337	1.1511539089926965	0.05912855705035909	0.41949058308020765
0.42577337	1.1618419609165935	0.0636259842781299	0.43105538282873634
0.43577337	1.1727403157153564	0.06832087577862751	0.44272812373551734
0.44577337	1.18384251857618	0.0732146028499312	0.4545108662050602
0.45577337	1.1951423025992942	0.07830840531385949	0.46640562957138065
0.46577337	1.2066335606110112	0.0836034274623723	0.4784143524185177
0.47577337	1.218310410933287	0.08910073381530459	0.49053891610051015
0.48577337	1.2301672161750243	0.0948013109048991	0.5027811633599609
0.49577337	1.2421985644407703	0.10070612239540949	0.5151428461065534
0.50577337	1.2543993538915825	0.1068160937366983	0.5276256948068699
0.51577337	1.2667647363711176	0.1131321344797042	0.5402313825955887
0.52577337	1.2792901925708466	0.1196551933383117	0.5529615224176113
0.53577337	1.2919714850517943	0.12638621089654672	0.5658177055935578
0.54577337	1.304804695827149	0.1333261961013809	0.5788014599320273
0.55577337	1.317786216966609	0.14047619324312852	0.5919142934999551
0.56577337	1.3309127412007304	0.14783731708638104	0.6051576696786941
0.57577337	1.344181280712232	0.15541076161227346	0.6185330242743241
0.58577337	1.3575891295533875	0.1631977964452836	0.6320417630485708
0.59577337	1.371133863646025	0.1711997853109651	0.6456852573545476
0.60577337	1.3848133689684832	0.17941817480501318	0.6594648865360783
0.61577337	1.398625756994745	0.1878545238664656	0.6733819718869897
0.62577337	1.4125694116726957	0.196510484989034	0.687437836112306
0.63577337	1.4266429518415167	0.2053878078633704	0.7016337894156582
0.64577337	1.440845221836033	0.21448834887706714	0.7159711256763855
0.65577337	1.4551752539041067	0.2238140543837219	0.7304511258095798
0.66577337	1.469632296393591	0.23336698817613918	0.7450750584546608
0.67577337	1.4842157479827693	0.24314928642446043	0.7598441913969263
0.68577337	1.4989251858673094	0.2531631901070987	0.7747597859830025
0.69577337	1.5137603281776562	0.2634110172220706	0.7898231076864033
0.70577337	1.5287210245833804	0.2738951743447296	0.8050354149653356
0.71577337	1.5438072187105718	0.2846181473122988	0.8203979482544942
0.72577337	1.5590189951200957	0.2955824907084035	0.8359119792739219
0.73577337	1.574356485351078	0.3067908308630712	0.8515787459450472
0.74577337	1.589819943086119	0.31824584647953047	0.8673995301690129
0.75577337	1.6054096407991207	0.3299502852496785	0.8833755692075624
0.76577337	1.6211259449205047	0.34190693572314595	0.8995081423130632
0.77577337	1.6369692594632996	0.35411864332276494	0.9157985156774835
0.78577337	1.6529400072318376	0.3665882882713671	0.9322479516190184
0.79577337	1.6690386580087104	0.37931877763405075	0.9488577399098183
0.80577337	1.6852657097634645	0.3923130770491153	0.9656291532524335
0.81577337	1.7016216604656467	0.40557415512392514	0.9825634812991315
0.82577337	1.7181070174804562	0.419105006208111	0.9996620156373742
0.83577337	1.734722306964395	0.4329086582513038	1.0169260502545032
0.84577337	1.7514680550739656	0.44698813897219947	1.034356900415054
0.85577337	1.7683447597787152	0.4613464995317604	1.0519558548659111
0.86577337	1.7853529284438416	0.475986788060014	1.0697242334381794
0.87577337	1.8024930684345446	0.49091207392925407	1.0876633550153076
0.88577337	1.8197656495334147	0.5061254206808398	1.1057745313166119
0.89577337	1.8371711509186957	0.521629884025195	1.1240591091000238
0.90577337	1.8547100141860233	0.5374285370150106	1.1425184029070117
0.91577337	1.8723826715353817	0.5535244329143082	1.1611537561272511
0.92577337	1.8901895175841472	0.569920621213909	1.1799664984186415
0.93577337	1.908130984532305	0.5866201554891664	1.1989580063080465
0.94577337	1.9262073730407119	0.603626073484499	1.218129565035062
0.95577337	1.9444190589354433	0.620941395113391	1.2374825615375662
0.96577337	1.96276641804257	0.6385691397738587	1.257018398301943
0.97577337	1.981249732231648	0.6565123155907172	1.2767384124405554
0.98577337	1.9998691894157141	0.674773898200114	1.2966438922093828
0.99577337	2.0186250714643226	0.6933568780381957	1.3167362121403234
1.0057734	2.0375176602470284	0.7122642212399761	1.3370168434667224
1.0157734	2.056547143676868	0.73149885312132	1.357487031271621
1.0257734	2.0757138036233966	0.751063703014574	1.3781483027551298
1.0357734	2.095017640086614	0.7709616997208221	1.3990018444116665
1.0457734	2.114458840979557	0.7911957406102121	1.4200490706810385
1.0557734	2.134037594215261	0.8117686896219561	1.441291436950511
1.0657734	2.1537539937502466	0.832683428553	1.4627302881297792
1.0757734	2.17360813354103	0.8539427930116201	1.484367019075468
1.0857734	2.193600013587612	0.8755496242060921	1.506202920786976
1.0957734	2.2137297278465105	0.8975067141560219	1.5282394364074232
1.1057734	2.233997370274244	0.919816880596484	1.5504779871227254
1.1157734	2.2544028469142945	0.942482889873882	1.5729198395973598
1.1257734	2.2749462517231795	0.96550751073462	1.5955664658850393
1.1357734	2.2956275847009007	0.9888934916096339	1.6184192553998957
1.1457734	2.3164467518909375	1.012643548156658	1.6414795226763774
1.1557734	2.3374036593367733	1.0367604079911599	1.664748566532944
1.1657734	2.358498494951444	1.061246752897672	1.688228056456755
1.1757734	2.3797308829088766	1.08610527561846	1.7119189956643117
1.1857734	2.401101011122108	1.111338632922588	1.7358230767791116
1.1957734	2.422608691678101	1.1369494680213859	1.7599415640960885
1.2057734	2.4442537366638195	1.1629404341839178	1.7842757043359203
1.2157734	2.466036146079263	1.189314134448312	1.8088270153933699
1.2257734	2.487955825967914	1.21607318091043	1.833596890936068
1.2357734	2.510012588416735	1.2432201705083998	1.8585866199221495
1.2457734	2.532206339469209	1.27075763469168	1.883797666330431
1.2557734	2.5545367972557798	1.2986882001716	1.909231159143401
1.2657734	2.5770040557329668	1.32701442837082	1.9348887570680868
1.2757734	2.599607739074696	1.3557387491346602	1.9607716548109777
1.2857734	2.622347847280968	1.3848637128857801	1.9868813946953507
1.2957734	2.6452240984822275	1.41439186604684	2.013219157805411
1.3057734	2.668236304765438	1.4443257510405	2.0397862406365026
1.3157734	2.6913844661306	1.47466764313474	2.066584446573105
1.3257734	2.7146681127951213	1.5054203359069	2.093614437865072
1.3357734	2.738087338715521	1.53658609262496	2.1208781413080233
1.3457734	2.7616416741092076	1.5681672991342397	2.1483766062134
1.3557734	2.7853312129326993	1.6001664688573998	2.176111499826489
1.3657734	2.8091554854034033	1.6325861112171	2.204083727210956
1.3757734	2.833114397564804	1.66542845648132	2.2322949708453614
1.3857734	2.8572078554603806	1.6986961386500599	2.26074650571798
1.3957734	2.8814353893075433	1.73239123341396	2.289439636800153
1.4057734	2.905796999106291	1.7665165033503596	2.3183756237930875
1.4157734	2.93029240298707	1.8010740071498998	2.3475560312212744
1.4257734	2.954921319080325	1.8360662152352403	2.3769820006024
1.4357734	2.9796835594730187	1.8714954504517	2.406654944656978
1.4457734	3.0045789362521154	1.9073641722219399	2.4365761320116643
1.4557734	3.0296071675480603	1.9436745448139403	2.466746982151869
1.4657734	3.054767971491298	1.9804290136503597	2.497168622133543
1.4757734	3.080061348081829	2.01762987257652	2.527842735290784
1.4857734	3.1054868275370615	2.05527940743774	2.5587703149672127
1.4957734	3.131044221943959	2.0933797465020003	2.5899529149054694
