### name of eos: /1D/NS/Skyrme/SLY4 
### link: https://compose.obspm.fr/eos/134 
### Number density nb [fm-3] 	 Chemical potential mu [MeV] 	 Pressure p [MeV/fm3] 	 Energy density e [MeV] 
n	mu	p	e
1e-07	0.9309770468995111	2.143249e-11	9.307627219995111e-08
1.096478e-07	0.9310048166944735	2.4274630392940002e-11	1.0205835530955936e-07
1.202264e-07	0.9310325789729128	2.7489658156239997e-11	1.1190720559447276e-07
1.318257e-07	0.9310632031675603	3.112104214404e-11	1.2270693745966183e-07
1.44544e-07	0.9310921756062347	3.52316315552e-11	1.345485557992724e-07
1.584893e-07	0.9311235890358184	3.987641504576e-11	1.4753324942472877e-07
1.737801e-07	0.9311566429465904	4.512275021943e-11	1.6177137177670337e-07
1.905461e-07	0.9311892562011898	5.105713236876e-11	1.7738342399866878e-07
2.089296e-07	0.9312235174535006	5.775885952848001e-11	1.9450239815262448e-07
2.290868e-07	0.931257325835289	6.533809822348001e-11	2.1327342265394022e-07
2.511886e-07	0.9312927878521812	7.3895918291e-11	2.338562356523954e-07
2.754229e-07	0.9313319000806524	8.3555045173e-11	2.564265777375505e-07
3.019952e-07	0.9313685600434295	9.447711455311999e-11	2.811743574494743e-07
3.311311e-07	0.9314083966768242	1.0681050855685999e-10	3.0831147643227627e-07
3.630781e-07	0.931449147507353	1.2072688118414e-10	3.380680598424053e-07
3.981072e-07	0.9314906321384591	1.3644941150688e-10	3.706966779753651e-07
4.365158e-07	0.9315333118967541	1.5420090876162e-10	4.0647480796049956e-07
4.786301e-07	0.931575970045045	1.7424988275396e-10	4.457060498175029e-07
5.248075e-07	0.9316239498917613	1.9684180569725005e-10	4.887263942771234e-07
5.754399e-07	0.9316701999985764	2.2237512408363e-10	5.358978315960772e-07
6.309573e-07	0.9317181356857189	2.5117583558937e-10	5.876231834177054e-07
6.91831e-07	0.9317684710228932	2.836640623383e-10	6.443426490139009e-07
7.585776e-07	0.9318187809918015	3.2033730725568e-10	7.065365172124308e-07
8.317638e-07	0.9318714783963914	3.6169939206953995e-10	7.747352625905308e-07
9.120108e-07	0.9319241457348884	4.0838183764344e-10	8.495165038533488e-07
1e-06	0.9319809321280988	4.609706e-10	9.315199615280988e-07
1.096478e-06	0.932038348969693	5.203209157552e-10	1.0214392238858357e-06
1.202264e-06	0.932097475820315	5.872186796336e-10	1.1200400209900015e-06
1.318257e-06	0.9321565707257135	6.626906940654e-10	1.2281592337611016e-06
1.44544e-06	0.9322204235902974	7.476927223360001e-10	1.3467209963520234e-06
1.584893e-06	0.9322842322953075	8.435657973112999e-10	1.4767271879778958e-06
1.737801e-06	0.9323479912033515	9.517002877863e-10	1.6192835711733892e-06
1.905461e-06	0.9324158729243707	1.0734309743145001e-09	1.7756086506640298e-06
2.089296e-06	0.9324860951028013	1.2105780079535998e-09	1.947028890545949e-06
2.290868e-06	0.9325568500148138	1.3652349956488e-09	2.1349994108840873e-06
2.511886e-06	0.9326293346667276	1.5394241552274e-09	2.34111914478344e-06
2.754229e-06	0.9327059393129203	1.7354140785703e-09	2.5671503324493154e-06
3.019952e-06	0.9327830428683406	1.9563439312975997e-09	2.815003671945033e-06
3.311311e-06	0.932861887438447	2.2050831220195e-09	3.0867907462336713e-06
3.630781e-06	0.9329430264272601	2.4851417910088e-09	3.3848266726435858e-06
3.981072e-06	0.9330276239563108	2.8002880353359996e-09	3.711649860923662e-06
4.365158e-06	0.9331121284683868	3.1553252137414e-09	4.070026547267065e-06
4.786301e-06	0.9332019105193146	3.5543458916380996e-09	4.463030891628867e-06
5.248075e-06	0.933291597674137	4.003721780205e-09	4.893980579683491e-06
5.754399e-06	0.933383524752873	4.5093760814802e-09	5.3665518453729276e-06
6.309573e-06	0.9334800106029297	5.0777651585268e-09	5.884782505781432e-06
6.91831e-06	0.9335782393468036	5.716987670191e-09	6.453066681385194e-06
7.585776e-06	0.9336763468867407	6.4365172816032e-09	7.076223106699509e-06
8.317638e-06	0.9337789680988596	7.2450228517254e-09	7.759590405808139e-06
9.120108e-06	0.9338856472939409	8.1530774124576e-09	8.508984885558192e-06
1e-05	0.9339921780376891	9.174726e-09	9.33074705437689e-06
1.096478e-05	0.934103159502737	1.0322119989986001e-08	1.0231913521262434e-05
1.202264e-05	0.9342158744659481	1.1611270945231999e-08	1.1220129870044055e-05
1.318257e-05	0.9343329969304505	1.3058479832075999e-08	1.230385165551337e-05
1.44544e-05	0.9344499192675227	1.46856993088e-08	1.349222721375168e-05
1.584893e-05	0.9345731254179902	1.650987792779e-08	1.4795474166703157e-05
1.737801e-05	0.9346961060727617	1.8560166508259998e-08	1.622459811178525e-05
1.905461e-05	0.9348253310791813	2.085763341664e-08	1.7791874468418036e-05
2.089296e-05	0.9349543042820739	2.343882985488e-08	1.951052405133832e-05
2.290868e-05	0.9350875196227475	2.633325275584e-08	2.1395287506275404e-05
2.511886e-05	0.9352246473137467	2.9577482768859998e-08	2.3462199501654522e-05
2.754229e-05	0.9353634361563732	3.3216139451450005e-08	2.572883487456387e-05
3.019952e-05	0.9355055200548573	3.729613540432e-08	2.8214521527602745e-05
3.311311e-05	0.9356511996701273	4.1678809294800004e-08	3.0940642287014093e-05
3.630781e-05	0.9357998464329305	4.6768126368809997e-08	3.393007489594721e-05
3.981072e-05	0.9359525164147766	5.246531375568e-08	3.720847825052839e-05
4.365158e-05	0.9361067498334482	5.884634578536e-08	4.080369233310939e-05
4.786301e-05	0.9362647339971966	6.598471139416001e-08	4.4746463614561e-05
5.248075e-05	0.936426617357355	7.39689930875e-08	4.90704022057895e-05
5.754399e-05	0.9365900049617188	8.290437446487e-08	5.381222150515223e-05
6.309573e-05	0.9367592028385162	9.288139435682999e-08	5.9012624342957424e-05
6.91831e-05	0.9369299960973627	1.040412124843e-07	6.471568040051916e-05
7.585776e-05	0.9371043474903792	1.1650636826927999e-07	7.09701303186125e-05
8.317638e-05	0.9372823350014936	1.3042688524488002e-07	7.782932477812665e-05
9.120108e-05	0.9374616576350413	1.4598137350632e-07	8.535153426139969e-05
0.0001	0.9376464231709514	1.633166e-07	9.360132571709513e-05
0.0001096478	0.937832634698012	1.826786075422e-07	0.00010264860655529848
0.0001202264	0.9380241660443673	2.042403678672e-07	0.00011257102822864932
0.0001318257	0.9382189454683106	2.282696457714e-07	0.00012345309959385046
0.000144544	0.9384149049863961	2.55072026848e-07	0.00013538717199950564
0.0001584893	0.9386139960759599	2.8492081079969997e-07	0.00014847535439748192
0.0001737801	0.9388161532492935	3.181482656352e-07	0.00016282941672764238
0.0001905461	0.9390233147358608	3.550695096691e-07	0.0001785721609223217
0.0002089296	0.9392313934261711	3.9618129149279997e-07	0.00019583705804447976
0.0002290868	0.939444311254118	4.418277986464e-07	0.0002147724632447635
0.0002511886	0.9396177332008537	4.824787926738e-07	0.00023553878414522218
0.0002754229	0.9397037325896682	5.046584813615999e-07	0.0002583112686893093
0.0003019952	0.9397779630480517	5.260653705631999e-07	0.00028328236853572574
0.0003311311	0.9398489680723736	5.479312405786e-07	0.00031066529139109133
0.0003630781	0.9399182060560477	5.716722776996001e-07	0.0003406920441325387
0.0003981072	0.9399873522441823	5.976632112864e-07	0.0003736180696260587
0.0004365158	0.940056732478058	6.268637527796e-07	0.00040972275287026586
0.0004786301	0.94012825398148	6.586830855384e-07	0.00044931499713044275
0.0005248075	0.9402006360328522	6.952392604325e-07	0.0004927291060343786
0.0005754399	0.9402754763631368	7.360549585683001e-07	0.0005403359711322876
0.0006309573	0.9403530800492196	7.818072022413002e-07	0.0005925408332322981
0.000691831	0.9404327555709657	8.34351645155e-07	0.0006497861820742618
0.0007585776	0.9405153109546193	8.940694208688e-07	0.00071255977792634
0.0008317638	0.9406012398478417	9.6164371737e-07	0.0007813964178231823
0.0009120108	0.9406905709073776	1.0387620609840002e-06	0.0008568811980647103
0.001	0.9407833388971466	1.1267910000000001e-06	0.0009396565478971466
0.001096478	0.9408795541523681	1.227697908172e-06	0.0010304260338697081
0.001202264	0.9409799523527507	1.3425766246479999e-06	0.0011299637448107793
0.001318257	0.9410846058448294	1.473723002781e-06	0.0012391176462444062
0.00144544	0.9411938838778073	1.6231597388800001e-06	0.001358816127773458
0.001584893	0.9413071513054735	1.794753436809e-06	0.0014900763615171766
0.001737801	0.9414255797658819	1.990308698703e-06	0.0016340200052440263
0.001905461	0.9415488845707165	2.2134863924939996e-06	0.001791871192750508
0.002089296	0.9416769830382216	2.469038083776e-06	0.0019649729158700484
0.002290868	0.9418107066837764	2.760253107992e-06	0.0021548037568912574
0.002511886	0.9419498563195166	3.09268428092e-06	0.002362977972510085
0.002754229	0.9420946076441713	3.4719700604840003e-06	0.002591272319056714
0.003019952	0.9422449221355595	3.9050153725439994e-06	0.002841629421720583
0.003311311	0.9424012921259508	4.397772006966e-06	0.0031161859930239084
0.003630781	0.9425638021762311	4.958844443399e-06	0.0034172838997858193
0.003981072	0.9427324006103032	5.598306859632001e-06	0.00374748725670283
0.004365158	0.9429073195008212	6.325227436107999e-06	0.004109614201541458
0.004786301	0.9430883596599201	7.1518680473370004e-06	0.004506752890881299
0.005248075	0.9432764352847344	8.089944349025e-06	0.004942295533757907
0.005754399	0.9434706312385641	9.155576809743e-06	0.00541995088011882
0.006309573	0.9436717160859067	1.0362830076054e-05	0.005943802750603249
0.00691831	0.9438794878202013	1.1731198390940001e-05	0.0065183197009904366
0.007585776	0.944094208580194	1.3280327013887999e-05	0.0071484068621727416
0.008317638	0.9443155701884338	1.503309098025e-05	0.007839441979610735
0.009120108	0.9445440367902288	1.7014373163611997e-05	0.008597329253119249
0.01	0.9447792494715955	1.925288e-05	0.009428539614715955
0.01096478	0.9450217109000232	2.178018680206e-05	0.010340174968440297
0.01202264	0.9452715140924868	2.4632441692319998e-05	0.011340026674496574
0.01318257	0.9455287746155299	2.785063108302e-05	0.012436648627300425
0.0144544	0.9457937395748532	3.148132184e-05	0.013639399707470759
0.01584893	0.9460666448013717	3.557834371906e-05	0.014958565685072745
0.01737801	0.9463479177973428	4.020388711092e-05	0.01640543969185048
0.01905461	0.9466380922359133	4.543108727476999e-05	0.017992388571424583
0.02089296	0.9469383096890446	5.1348001003199995e-05	0.01973299622579762
0.02290868	0.9472496074369381	5.806030840032e-05	0.021642177828498112
0.02511886	0.9475733572450774	6.569790107166e-05	0.023736264599297428
0.02754229	0.9479117924604192	7.442485866487e-05	0.026033236623699812
0.03019952	0.9482677270813358	8.44511457088e-05	0.02855277904363854
0.03311311	0.9486444063667191	9.604669479404e-05	0.03131651988411183
0.03630781	0.94904678934275	0.00010957348503024001	0.03434823702353636
0.03981072	0.949481460483752	0.0001255204134096	0.037674020155100116
0.04365158	0.9499564295847599	0.00014454797296674	0.04132255110956677
0.04786301	0.94998907948241	0.00014625763212255	0.04532307917903483
0.05248075	0.9503142630673499	0.00016280940382175003	0.04971039585765008
0.05754399	0.9508059094542078	0.00018987122870015998	0.05452329451687368
0.06309573	0.9513698084203258	0.00022390857419976002	0.059803463988040845
0.0691831	0.9520253431999061	0.0002672989383995	0.0655967655827339
0.07585776	0.9527963317758379	0.00032325714829583993	0.07195373831643605
0.08317638	0.9537118161146358	0.0003961166968206	0.07893017973082048
0.09120108	0.9548071332709939	0.0004916976722666401	0.08658774407375193
0.1	0.956125033470612	0.0006177917	0.09499471164706119
0.1096478	0.957716638466904	0.0007847160813166001	0.10422680634997479
0.1202264	0.9596414791236141	0.0010060959933080001	0.11436814433239928
0.1318257	0.961919671535956	0.0012934173470004	0.12551231669699706
0.144544	0.9646667634568219	0.00167336998816	0.13776342266894287
0.1584893	0.9680025212877499	0.0021792199505349997	0.1512388220465956
0.1737801	0.9720592640240219	0.0028536673513140003	0.16607088875670692
0.1905461	0.97699233001322	0.003753085542267	0.182408992671665
0.2089296	0.982981382951132	0.004950407192543999	0.20042349995488282
0.2290868	0.9902381163180319	0.0065409894026600005	0.22030949190266574
0.2511886	0.99901236055378	0.008649533751612001	0.24229098247858719
0.2754229	1.009599092215706	0.011438918967380002	0.26662779084803717
0.3019952	1.022348055128306	0.015122717675104001	0.2936214877029798
0.3311311	1.0376658931967	0.019975619371251	0.32362782927545475
0.3630781	1.0560342088536199	0.026356235034129	0.3570666590514465
0.3981072	1.07802050899632	0.034730167478256	0.3944375589008437
0.4365158	1.10429226088496	0.04570128359048	0.436339736103527
0.4786301	1.13563409558508	0.06005204344165	0.48349661729164645
0.5248075	1.1729675388410001	0.07879459804999998	0.5367875635902982
0.5754399	1.21737271503656	0.10323668017151999	0.5972881532318467
0.6309573	1.2701204803318	0.13507584354984	0.6663159453950158
0.691831	1.33268125457772	0.1764830440436	0.7455071609921585
0.7585776	1.4067609127145597	0.23024195599679995	0.8368953609440201
0.8317638	1.4943244618198799	0.29990449866510005	0.9430204941311582
0.9120108	1.59765974364268	0.39006537754056003	1.0670175633867958
1.0	1.71928986710812	0.5063933	1.21289656710812
1.01	1.7336546006391	0.520841446	1.2301497006454911
1.02	1.74812503527758	0.5355416159999999	1.2475459199831314
1.03	1.7626917753695597	0.5504737150000001	1.2650988136306465
1.04	1.7773525659580798	0.5656338479999999	1.2828128205964031
1.05	1.7921258225249799	0.58106958	1.3006625336512287
1.06	1.8070163368538	0.596798338	1.318638979065028
1.07	1.8219956401129198	0.612752406	1.3367829289208242
1.08	1.83706072569306	0.628925688	1.355099895748505
1.09	1.85225133721064	0.645421482	1.3735324755595975
1.1	1.86754154266062	0.6621789900000001	1.392116706926682
1.11	1.882912550735	0.6791503920000002	1.41088253931585
1.12	1.8983871928729998	0.6963967360000001	1.4297969200177598
1.13	1.9139783411206	0.7139616849999999	1.4488338404662777
1.14	1.9296437150347996	0.7317314579999998	1.4680623771396717
1.15	1.9454049246197997	0.74976481	1.4874508533127693
1.16	1.9612854590105997	0.76813634	1.5069547924522952
1.17	1.9772336421102	0.7866995759999998	1.5266637852689338
1.18	1.9932861169691998	0.8055598039999999	1.5465178140236557
1.19	2.0094447627184	0.8247310469999999	1.5665082206348961
1.2	2.0256635406532	0.8440764000000001	1.58671984878384
1.21	2.0420110390478	0.863806658	1.6070266992478381
