### name of eos: 1D/NS/RMF/FSU2R 
### link: https://compose.obspm.fr/eos/214 
### Number density nb [fm-3] 	 Chemical potential mu [MeV] 	 Pressure p [MeV/fm3] 	 Energy density e [MeV] 
n	mu	p	e
4.67962e-10	0.9299001072426001	9.000000079422e-15	4.351489139853822e-10
5.8496402e-10	0.9299074330389	1.2854501274609162e-14	5.439495357570412e-10
7.3384598e-10	0.929915877372	1.8414699520683756e-14	6.823966136480944e-10
9.2229002e-10	0.9299255118876	2.6380200570918683e-14	8.57634638756754e-10
1.16133e-09	0.9299364852294001	3.779109850659e-14	1.0799253472929526e-09
1.46524e-09	0.9299489479191	5.4137898514560006e-14	1.3625442585504676e-09
1.8524799e-09	0.9299630896347	7.75555937519778e-14	1.7226603756964282e-09
2.3470601e-09	0.929979099303	1.111029998832292e-13	2.1826057348081263e-09
2.9801099e-09	0.92999716848	1.591609883526042e-13	2.7713346077708635e-09
3.7922199e-09	0.9300175463763001	2.280080026847994e-13	3.5266030387146934e-09
4.8362199e-09	0.9300404524362001	3.266339926465089e-13	4.497553509884308e-09
4.9256701e-09	0.9300422818899001	3.355599998139441e-13	4.580745899641038e-09
5.08413e-09	0.9300424813335	3.3656600980116e-13	4.728120314612286e-09
7.0708799e-09	0.9300769606623001	5.45156001690125e-13	6.575917330598459e-09
9.8920401e-09	0.9301173062997	8.856700109575605e-13	9.199872021609657e-09
1.38896e-08	0.930164068218	1.4388700552640002e-12	1.2918167971865469e-08
1.9569301e-08	0.9302180859771	2.33762012715243e-12	1.82013801000026e-08
2.7658e-08	0.9302802584817	3.79773961718e-12	2.572589364946968e-08
3.9200401e-08	0.9303516256743001	6.169880082709289e-12	3.646398691735175e-08
5.5698401e-08	0.9304333260923999	1.002370091073989e-11	5.1813624799547515e-08
7.9311903e-08	0.9305266399686001	1.6284700621094398e-11	7.378555390748443e-08
1.13147e-07	0.9306329858502	2.645639926775e-11	1.0527187405072484e-07
1.61673e-07	0.930754003419	4.2981501045419993e-11	1.5043481049371458e-07
1.6274799e-07	0.9307563917655	4.33693952238609e-11	1.5143536254426382e-07
1.68369e-07	0.9307571910422999	4.349959932768e-11	1.566671578992733e-07
1.9609401e-07	0.9308120386895999	5.34871002463854e-11	1.824731781226724e-07
2.28942e-07	0.9308707927647	6.596510195898e-11	2.1304945593517697e-07
2.6734801e-07	0.9309328559697	8.13542026274876e-11	2.488016922844884e-07
3.1225699e-07	0.9309983857749	1.003329921349256e-10	2.906104206447942e-07
3.6477499e-07	0.9310675841592	1.237400007732718e-10	3.395064287002231e-07
4.2619499e-07	0.9311406303776999	1.5260700077681498e-10	3.966948646516407e-07
4.9803202e-07	0.931217723874	1.882090046718686e-10	4.635880350760986e-07
5.82057e-07	0.9312990849375	2.3211700350237e-10	5.418370344779641e-07
6.80342e-07	0.9313849436232	2.8626700669034e-10	6.333740283078047e-07
7.9531497e-07	0.9314755186242	3.530509962630471e-10	7.404633731540769e-07
8.0065701e-07	0.9314795168862	3.56238004839021e-10	7.454393668615104e-07
8.2752302e-07	0.9314808059454	3.573060028231144e-10	7.704645036051482e-07
8.2937203e-07	0.9314821054275	3.583780071527498e-10	7.72186826679927e-07
8.3308203e-07	0.9314846931237001	3.605320020636873e-10	7.756426270593555e-07
8.36808e-07	0.9314872816649999	3.6269800105896e-10	7.791133111944664e-07
8.4055102e-07	0.9314898807231	3.6487801158220663e-10	7.825998913498979e-07
8.4431099e-07	0.9314924885139001	3.6706998643278145e-10	7.861022751683018e-07
8.4808801e-07	0.931495087572	3.692759993917379e-10	7.896205391443215e-07
8.5188202e-07	0.9314976953627999	3.7149501520854803e-10	7.931546433357982e-07
8.5569297e-07	0.9315003136704	3.73726985142192e-10	7.967045429754139e-07
8.5952098e-07	0.9315029328230999	3.759729821386994e-10	8.002703407108463e-07
8.6336598e-07	0.9315055511306999	3.782320021782e-10	8.038519710252186e-07
8.6722901e-07	0.9315081790161001	3.805050015022554e-10	8.074504108935329e-07
8.71108e-07	0.9315108077466	3.8279098843999997e-10	8.110637257260853e-07
8.7500598e-07	0.931513436571	3.8509199556073737e-10	8.146947354544149e-07
8.7891999e-07	0.9315160749732	3.874059937490496e-10	8.183406933065351e-07
8.9844599e-07	0.9315173736102	3.885679898001902e-10	8.365294809456158e-07
9.6282099e-07	0.9315579894917999	4.263789882004353e-10	8.96497206696704e-07
1.03414e-06	0.9316009332483	4.692730006088e-10	9.62936516108788e-07
1.11075e-06	0.931644936948	5.164819998899999e-10	1.034308131715101e-06
1.19307e-06	0.9316900297937999	5.684410052145001e-10	1.1110029828408742e-06
1.28151e-06	0.9317362320681	6.256270051218e-10	1.1934036717524689e-06
1.37653e-06	0.931783573725	6.885649596523001e-10	1.281939477780022e-06
1.47861e-06	0.9318320842491	7.578350292365999e-10	1.377058403062325e-06
1.5883001e-06	0.9318817844862	8.340740219206289e-10	1.4792738574656893e-06
1.70614e-06	0.9319327138743	9.179830308607998e-10	1.5890896974186375e-06
1.8327599e-06	0.9319848824607	1.0103299349586521e-09	1.7070941900452259e-06
1.87003e-06	0.9319997832639	1.0379400112769e-09	1.741829614685714e-06
1.9353199e-06	0.9320014326174	1.041059956953345e-09	1.80267985941601e-06
2.1888e-06	0.9320918781302999	1.227509989632e-09	2.0389351928619685e-06
2.48111e-06	0.9321879200832	1.4516999669211e-09	2.311409070430707e-06
2.8125601e-06	0.9322881198342	1.7168400674306982e-09	2.6203995274822586e-06
3.1883801e-06	0.9323926467788999	2.030400143012245e-09	2.9707917602331617e-06
3.61454e-06	0.9325017014877	2.4012299361172e-09	3.368163470159234e-06
4.0977702e-06	0.9326154628401	2.8397902352899323e-09	3.818804061450079e-06
4.6457099e-06	0.9327341314065	3.358450027447372e-09	4.329853738315629e-06
5.2670598e-06	0.9328579269129	3.971829961380671e-09	4.909446655992892e-06
5.9716299e-06	0.9329870489907	4.697239889278739e-09	5.56675611817635e-06
6.7705901e-06	0.9331217383056001	5.555140129602694e-09	6.3122296633370836e-06
6.8315899e-06	0.9331315822182	5.622109853026726e-09	6.369150182599848e-06
7.0905298e-06	0.9331339709402999	5.638969940445322e-09	6.610775258404086e-06
7.7039704e-06	0.9332232970713	6.299910161604697e-09	7.183224747066098e-06
8.3893401e-06	0.9333176700456	7.059440011170339e-09	7.82285991534095e-06
9.1357597e-06	0.9334147719417	7.910529438394901e-09	8.519542527451279e-06
9.9486497e-06	0.9335147015424001	8.86422996999551e-09	9.278346525475393e-06
1.08339e-05	0.933617519601	9.932909757078e-09	1.0104785935848195e-05
1.17981e-05	0.9337233259332001	1.1130400216296e-08	1.1005030771476191e-05
1.28481e-05	0.9338322004478999	1.2472299627531e-08	1.1985497194947132e-05
1.39917e-05	0.9339442228662	1.3975999633596e-08	1.3053491383443414e-05
1.52371e-05	0.9340594935672	1.566100069313e-08	1.4216696908739655e-05
1.65934e-05	0.9341781123666	1.754910185102e-08	1.548364198789292e-05
1.6743101e-05	0.9341907945005999	1.77606010138013e-08	1.5623490224579984e-05
1.7435101e-05	0.9341939528271	1.78139012348563e-08	1.626995201989487e-05
1.83175e-05	0.9342618018684	1.9027400207749998e-08	1.7094313155516664e-05
1.92878e-05	0.9343339486187999	2.0384502379220003e-08	1.8000861831790466e-05
2.0309601e-05	0.9344073442392	2.18384001223947e-08	1.895560193284541e-05
2.13855e-05	0.9344820292944	2.33961005535e-08	1.9960969336921893e-05
2.2518499e-05	0.9345580134561	2.5064798541074093e-08	2.10197788929121e-05
2.37115e-05	0.9346353171945	2.68526003434e-08	2.2134752723313986e-05
2.49678e-05	0.9347139695247	2.8767899159999995e-08	2.3308983549138805e-05
2.62906e-05	0.9347940018093	3.081970006542e-08	2.4545475483902163e-05
2.76836e-05	0.9348754127337	3.301799994612e-08	2.584769897600854e-05
2.91504e-05	0.9349582526283	3.537299888112e-08	2.7219034048534877e-05
2.9745401e-05	0.9349910529312	3.6339605405968204e-08	2.7775344195444804e-05
3.0295399e-05	0.934994660757	3.644859448653339e-08	2.828958771601642e-05
3.08444e-05	0.9350235633648	3.733260281988e-08	2.880290819502936e-05
3.1473901e-05	0.9350562836649	3.83528021812689e-08	2.9391516099315713e-05
3.2116299e-05	0.9350892339261001	3.94007991088737e-08	2.9992204629342696e-05
3.2771699e-05	0.9351223941477	4.0477498661724193e-08	3.060507213050606e-05
3.34406e-05	0.9351557838609	4.1583600119840003e-08	3.123058690565897e-05
3.4123099e-05	0.9351894036291001	4.2719994078932307e-08	3.1868840609707805e-05
3.4819499e-05	0.9352232533584001	4.38872939061271e-08	3.252011784118343e-05
3.55302e-05	0.935257322532	4.508660156112e-08	3.3184793119465346e-05
3.62553e-05	0.9352916322774	4.631870174864999e-08	3.386296001395817e-05
3.6995301e-05	0.9353261711388	4.75844031132183e-08	3.4555088831344194e-05
3.7161801e-05	0.9353338766667	4.78703009819988e-08	3.471082109226445e-05
3.8225498e-05	0.9353376843117	4.80138974503102e-08	3.570573488353121e-05
3.8743899e-05	0.9353602906428	4.888470000353069e-08	3.619061992927175e-05
3.9357499e-05	0.9353868048102	4.99204967908641e-08	3.676456473813978e-05
3.99809e-05	0.9354134587947	5.0978398185919996e-08	3.7347693556539104e-05
4.0614199e-05	0.9354402427367999	5.20585979596568e-08	3.7940097573161044e-05
4.1257499e-05	0.9354671763555	5.31616984679658e-08	3.85418743945519e-05
4.1911e-05	0.9354942501669	5.4288198430999996e-08	3.9153211320313945e-05
4.25748e-05	0.9355214636076	5.5438605520799995e-08	3.977420060328005e-05
4.3249202e-05	0.9355488273822	5.661330056624439e-08	4.0405126915749655e-05
4.39342e-05	0.9355763307861	5.781289515766e-08	4.104598473686501e-05
4.46302e-05	0.9356039741009999	5.9037993408219995e-08	4.1697154491514224e-05
4.5337099e-05	0.9356317774215	6.028899769389611e-08	4.235854152281061e-05
4.5541099e-05	0.9356397424890001	6.06512986440674e-08	4.254941084238199e-05
4.6813799e-05	0.9356436502314	6.08331976072285e-08	4.3740200579951836e-05
4.9073798e-05	0.935725990578	6.47828998106164e-08	4.585484534516405e-05
5.15586e-05	0.9358136579655001	6.91959979017e-08	4.8180046067678334e-05
5.4169199e-05	0.9359027842773	7.390970100717701e-08	5.062319446516396e-05
5.69121e-05	0.935993389608	7.894449834663e-08	5.319040489036283e-05
5.9793801e-05	0.9360855040995	8.43223004379981e-08	5.588778805067219e-05
6.2821498e-05	0.9361791577997999	9.00664969282718e-08	5.8722110592433545e-05
6.6002598e-05	0.9362743705218001	9.620189530736582e-08	6.170033899994606e-05
6.93447e-05	0.9363711623601	1.0275499726341e-07	6.482962234524902e-05
7.2856099e-05	0.936469563081	1.097549956110073e-07	6.811776420270508e-05
7.6545402e-05	0.9365696029203	1.17232000524771e-07	7.157286475598996e-05
7.7932797e-05	0.9366063907806	1.200749959441485e-07	7.287228072566303e-05
8.1586397e-05	0.9366109178874	1.204349918861447e-07	7.629427518940968e-05
8.4002902e-05	0.9366686531475	1.25218001834378e-07	7.855766707498706e-05
8.6685402e-05	0.9367314553455	1.3058099983103638e-07	8.107036177283866e-05
8.9453497e-05	0.9367949272383	1.3617299210731932e-07	8.366340922121918e-05
9.2310001e-05	0.9368590586846999	1.42004997728349e-07	8.633945564631536e-05
9.5257798e-05	0.9369238796388001	1.4808700118263618e-07	8.910121866682648e-05
9.8299701e-05	0.9369893801472	1.5443000003744191e-07	9.195134590860767e-05
0.000101439	0.937055570445	1.610439984855e-07	9.489293601188485e-05
0.000104678	0.93712246011	1.679409971918e-07	9.792816388220279e-05
0.000108021	0.9371900494238999	1.751340044139e-07	0.0001010610723244052
0.00011147	0.9372583582935	1.82634989516e-07	0.00010429355420946044
0.000112224	0.9372730894194	1.842829967328e-07	0.00010500025219026995
0.000116024	0.9372779664915	1.848360012208e-07	0.00010856190278298901
0.000117334	0.9373018620696	1.876249977784e-07	0.00010978975168629605
0.000118925	0.9373306447671	1.910280025725e-07	0.00011128101892635488
0.000120538	0.9373595673756	1.9449300505799998e-07	0.00011279295452726208
0.00012217301	0.9373886099883	1.98020006028063e-07	0.00011432556801595862
0.00012383	0.9374177923242001	2.0161100355900003e-07	0.0001158788342199467
0.00012551001	0.9374471047116	2.05267027688634e-07	0.00011745372845913533
0.000127212	0.9374765469627	2.0899001793960002e-07	0.00011904927647427939
0.000128937	0.9375061191713999	2.1277999911210002e-07	0.0001206664464884907
0.00013068601	0.9375358312911	2.16639022098863e-07	0.00012230617800136813
0.000132459	0.9375656732745	2.205679981446e-07	0.0001239684435181224
0.000133654	0.9375856412972999	2.2322699954780002e-07	0.00012508884430240152
0.000136161	0.9375906182789999	2.2389599994750003e-07	0.00012743938017553943
0.00013800801	0.9376202205357	2.27957035251267e-07	0.0001291711437366418
0.000140194	0.9376549296378001	2.32787019919e-07	0.00013122080818572273
0.000142415	0.9376898185584001	2.3771998673150002e-07	0.00013330337552326305
0.00014467099	0.9377248875791999	2.42756980858565e-07	0.000135418830852863
0.00014696299	0.9377601463719	2.4790097787344104e-07	0.00013756813403577862
0.00014929099	0.9377955849831001	2.5315398578731603e-07	0.00013975127731396882
0.000151656	0.9378312134601	2.5851800423520006e-07	0.00014196921250426972
0.000154059	0.9378670318968	2.639960107947e-07	0.00014422286105619442
0.00015649899	0.9379030402931999	2.69589995992791e-07	0.00014651128852782231
0.000158978	0.9379392285081	2.7530299749e-07	0.00014883639967227068
0.00015933601	0.9379444153562999	2.76129034458783e-07	0.00014917219171019678
0.000165126	0.9379495022949	2.7695700555900003e-07	0.00015460289251038867
0.000169256	0.9380049659262001	2.86234999444e-07	0.00015847673351336092
0.000173878	0.93806599319823	2.967119917884e-07	0.00016281232677353344
0.000178627	0.93812757309993	3.0757100774860004e-07	0.0001672673429923726
0.00018350501	0.93818970870183	3.18828008698849e-07	0.00017184368386852756
0.00018851701	0.93825240699948	3.30497012538616e-07	0.0001765460413803064
0.00019366499	0.93831567290385	3.42593987037968e-07	0.0001813763014227294
0.000198954	0.9383795094854701	3.551320146024e-07	0.00018633922491556978
0.00020438799	0.9384439247164501	3.68129994470268e-07	0.00019143853750603625
0.000209969	0.9385089215640301	3.8160402266070005e-07	0.00019667617572921713
0.000215704	0.93857450610354	3.955710021512e-07	0.00020205870426240677
0.000216188	0.93857999880282	3.967569948328e-07	0.00020251297578635126
0.00022022599	0.93858547349208	3.97947989545817e-07	0.00020630296710986626
0.00022072101	0.93859088524017	3.99141015010308e-07	0.00020676758715199408
0.00022121699	0.9385963009884	4.00338975041783e-07	0.0002072331095547461
0.000221714	0.93860172071799	4.015399952366e-07	0.00020769960191203185
0.000222213	0.9386071444665001	4.027439965416e-07	0.00020816796539679274
0.000222712	0.93861257220576	4.0395299892079997e-07	0.00020863633018216842
0.00022321301	0.93861800393577	4.0516502813759705e-07	0.0002091065848705575
0.000223714	0.9386234406424799	4.0637999330979996e-07	0.00020957682440658196
0.000224217	0.93862888038216	4.0759899457409995e-07	0.00021004895267807267
0.00022472101	0.9386343250891499	4.08822012034925e-07	0.00021052203154266717
0.000228858	0.93863976482883	4.100479910688e-07	0.00021440517130812757
0.000230923	0.93866125189071	4.149909843464e-07	0.00021634348128601205
0.00023352999	0.93868820267433	4.21253983228461e-07	0.00021879059260042583
0.000236167	0.9387152543910601	4.276100160752e-07	0.0002212659554676983
0.000238833	0.93874240803624	4.340629995723e-07	0.00022376860253894702
0.00024152899	0.93876966364743	4.40612979553946e-07	0.00022629947572384954
0.00024425599	0.93879702116829	4.4726197955760203e-07	0.00022885953383495406
0.000247013	0.93882448163172	4.5401199361049995e-07	0.00023144783968768553
0.00024980199	0.93885204604245	4.6086298873726806e-07	0.00023406624642823836
0.00025262201	0.93887971338636	4.67816982943857e-07	0.0002367138633609423
0.00025547401	0.9389074844841361	4.748769802956741e-07	0.00023939158309987937
0.00025835799	0.938935360309521	4.82042968444653e-07	0.00024209940946104898
0.00025893899	0.938940948044052	4.83488991873373e-07	0.00024264493176429593
0.00026363999	0.938946502199004	4.84938975782016e-07	0.00024705890747449836
0.00026423199	0.938952010985232	4.8639401948016e-07	0.00024761476435764955
0.000264826	0.938957523765027	4.878530029118e-07	0.00024817251218568526
0.000265421	0.938963040745908	4.893169907184e-07	0.00024873119224710124
0.000266018	0.938968561823646	4.90784987767e-07	0.00024929175389143567
0.000266616	0.938974087096836	4.922569867320001e-07	0.00024985325821867807
0.00026721499	0.938979616468761	4.93733992110968e-07	0.00025041569483279284
0.00026781601	0.9389851500380161	4.95214995356466e-07	0.00025098004133707627
0.00026841799	0.9389906877753981	4.96700994779642e-07	0.0002515452920466103
0.00026902099	0.9389962296393096	4.981909860799339e-07	0.00025211150431775445
0.0020000001	0.9411038657454	2.1999999099999903e-06	0.0018800078256911866
0.003	0.9417450438666	3.7899998999999998e-06	0.0028214451316998
0.0040000002	0.9422908512321	5.68999988449998e-06	0.0037634735935020707
0.0049999999	0.9427764362082	7.869999842599998e-06	0.004706012086920755
0.0060000001	0.9432213878372999	1.030999937183332e-05	0.0056490184219741045
0.0070000002	0.9436352209125001	1.2999999971428561e-05	0.006592446735143116
0.0080000004	0.9440219650584001	1.590999999549996e-05	0.007536266098080486
0.0089999996	0.9443872171844999	1.900999895511112e-05	0.008480474577950502
0.0099999998	0.9447324324590999	2.2280001554399957e-05	0.009425044134090111
0.011	0.9450626481477001	2.5749999e-05	0.0103699391306247
0.012	0.9453760732016999	2.93499984e-05	0.011315162880020399
0.013	0.9456760657668	3.3100002e-05	0.0122606888529684
0.014	0.9459636332961	3.6990002e-05	0.0132065008641454
0.015	0.9462393354336	4.0980001500000005e-05	0.014152610030004
0.016000001	0.9465016049882999	4.5049998015624693e-05	0.015098976628298781
0.017000001	0.9467539122224999	4.92100014947058e-05	0.016045607453041705
0.017999999	0.9469950256377	5.3420001032222e-05	0.01699248951345135
0.018999999	0.9472256169006	5.77000006631577e-05	0.017939585773222626
0.02	0.9474447905808	6.196e-05	0.018886935811616
0.021	0.9476566883256	6.62900028e-05	0.019834500452037603
0.022	0.9478578400604999	7.06100032e-05	0.020782262478131
0.023	0.9480508203357	7.495000339999999e-05	0.0217302188643211
0.024	0.9482361888891	7.927999199999999e-05	0.0226783885413384
0.025	0.9484130505720001	8.359e-05	0.023626736264300004
0.026000001	0.948584538264	8.7930001381923e-05	0.024575268942066613
0.027000001	0.948746512008	9.22200019155555e-05	0.025523936771046956
0.028000001	0.9489026648910001	9.647999544571401e-05	0.026472795570404953
0.028999999	0.949053333075	0.0001007400022262067	0.027421805707895458
0.029999999	0.9491962770450001	0.00010493999350200009	0.028370947368651724
0.030999999	0.949333848057	0.00010908999468096779	0.029320258345752186
0.032000002	0.9494667184350001	0.0001132400038774998	0.03026969688497594
0.033	0.949592871207	0.0001173100071	0.031219254742731004
0.034000002	0.9497144360249999	0.00012133999933764661	0.03216895272494122
0.035	0.9498304034639999	0.0001253300055	0.033118734115740005
0.035999998	0.949942676877	0.00012927999601777758	0.03406865447166887
0.037	0.9500504721990001	0.00013314999449999998	0.035018717476863
0.037999999	0.9501012918180001	0.00013503000584657871	0.035968818133136134
0.039000001	0.950199125289	0.0001387500032576923	0.03691901683321243
0.039999999	0.9502943840220001	0.00014245000443874982	0.03786932440614687
0.041000001	0.9503851656029999	0.00014608000236292681	0.03881971273774523
0.041999999	0.950471916996	0.0001496499906369049	0.03977016957272318
0.043000001	0.950556206331	0.000153170002562093	0.04072074782022712
0.044	0.95063668896	0.0001566399956	0.04167137431864
0.045000002	0.950715045693	0.00016005000411333317	0.04262212895350176
0.046	0.950790491526	0.00016343000520000002	0.043572932604996
0.046999998	0.9508621315920001	0.00016672000500553142	0.04452379827809421
0.048	0.950932427949	0.00016998	0.045474776541552006
0.048999999	0.9509998143449999	0.00017319000156551013	0.04642579995033967
0.050000001	0.9510640663590001	0.0001763299985265999	0.04737687427048748
0.050999999	0.951125968056	0.0001794299916817648	0.04832799342804826
0.052000001	0.951186637785	0.0001824800103092309	0.049279226105697405
0.052999999	0.951244845456	0.0001854799943003774	0.05023049586362277
0.054000001	0.9513007028100001	0.0001884299956894443	0.05118180890735126
0.055	0.9513545441310002	0.000191339995	0.052133159932205006
0.056000002	0.9514072671029999	0.0001941799901349994	0.053084628870447535
0.057	0.9514580867219999	0.0001969899936	0.054036120949554005
0.057999998	0.951507002988	0.0001997399929124138	0.05498766427737758
0.059	0.95155401684	0.000202450004	0.05593923698955999
0.059999999	0.95159935176	0.0002051199925813334	0.056890840161419313
0.064000003	0.951628679547	0.00020673999689093688	0.06069749834900311
0.065000013	0.951672559017	0.0002094700038939924	0.061649258703954275
0.066	0.9517148712960001	0.00021217000860000002	0.062601011496936
0.067000002	0.9517571835750002	0.00021480999951223862	0.06355292320352714
0.068000004	0.951796697634	0.0002174199895894104	0.06450475925670937
0.069000013	0.951836099952	0.00021996999904361523	0.06545673327151369
0.07	0.951872814852	0.00022247999200000003	0.06640861704764
0.071000002	0.95190941895	0.000224940005336338	0.06736063064393251
0.071999997	0.951944566659	0.00022733999052750001	0.0683126659530868
0.073000006	0.951978372537	0.00022967999187780598	0.06926474691519344
0.074000001	0.9520106102850001	0.0002319500061344595	0.07021683610696615
0.075000003	0.9520413925829999	0.00023415000936599997	0.07116895729048317
0.076000012	0.952070385147	0.00023626999250578242	0.07212109070351085
0.077000007	0.95209769784	0.0002382799943618157	0.07307324940400207
0.078000002	0.9521232189209999	0.0002401899925587176	0.07402542298752574
0.079000004	0.9521466141059999	0.0002419700049516452	0.07497761631800881
0.080000013	0.9521688900029999	0.00024359999158499217	0.07592992358685056
0.081	0.952187918838	0.0002450699874	0.076882151438478
0.082000002	0.9522042621329999	0.0002463600024087804	0.07783439139690575
0.082999997	0.9522180306900001	0.00024742998795674714	0.07878666370265917
0.1023293	0.9534509010690001	0.00034710629649067	0.09721885699426935
0.10471285	0.9538279856280001	0.00038872274863576003	0.09948932403623116
0.10715193	0.954242250831	0.000435501682302726	0.10181339718178303
0.10964782	0.9546958394759999	0.000487897744591946	0.10419241981702139
0.11220185	0.9551909375549998	0.000546432355914105	0.10662775794099136
0.11481536	0.9557272999889999	0.000611334832099904	0.10912083917796513
0.11748976	0.9563047784160001	0.0006827965103242559	0.11167322239262478
0.12022644	0.956927871585	0.0007616437307905921	0.11428638760665112
0.12302688	0.957599479128	0.0008485410090386881	0.11696193519770427
0.12589253	0.958322235879	0.0009441538782291951	0.11970145695183489
0.12882496	0.959098702491	0.001049173830205248	0.12250667815424973
0.13182567	0.959931434922	0.0011643266598452043	0.12537927790280884
0.13489629	0.9608230191780001	0.0012903791814151409	0.12832108145229593
0.13803843	0.961776077886	0.00142814325012669	0.13133391655281446
0.14125375	0.9627932965860001	0.0015784808517087503	0.13441968276592597
0.14454398	0.9638774303040001	0.0017423084178994199	0.13758037159041336
0.14791083	0.9650313279659999	0.00192060082839048	0.14081798386706276
0.15135612	0.966257928642	0.0021143973192222	0.14413465367926778
0.15488166	0.967560278448	0.0023248054673403	0.14753253660874815
0.15848932	0.968941538058	0.0025530069849482	0.15101387850161832
0.162181	0.9704050024230001	0.0028002623944990003	0.15458099130346556
0.16595869	0.97195409232	0.0030679183178528397	0.1582363095837134
0.16982438	0.973592374071	0.0033574111799863798	0.16198231011934927
0.17378008	0.975323558604	0.0036702731736574404	0.16582153286643037
0.17782794	0.9771515155380001	0.00400814111698596	0.16975669995901455
0.18197009	0.9790802694270001	0.0043727590957688195	0.17379056564908663
0.18620871	0.9811139988210001	0.00476598474597834	0.17792598733742163
0.19054607	0.983257046595	0.0051897977460672205	0.1821659682824169
0.19498447	0.98551390962	0.005646302761841349	0.18651360458304223
0.19952624	0.98788924158	0.00613773401375712	0.1909720918951519
0.20417379	0.99038782668	0.00666646310425575	0.19554477303886295
0.20892961	0.9930146049989999	0.00723500152708095	0.20023515261966413
0.21379621	0.9957746246010001	0.007846004702405408	0.20504683605146112
0.21877617	0.998673039657	0.00850227554198832	0.20998358715642823
0.22387211	1.0017151170179999	0.00920676537355421	0.21504931149216233
0.22908677	1.004906154522	0.00996257768554356	0.22024812740702232
0.23442288	1.0082515335780002	0.010772965572463199	0.22558426269330828
0.23988329	1.0117566196319998	0.0116413345617364	0.23106217203486631
0.2454709	1.015426792215	0.0125712368883242	0.23668649168080486
0.25118864	1.01926738203	0.01356637039403616	0.24246201709443999
0.25703958	1.023283630575	0.01463057671170984	0.2483938179121633
0.2630268	1.027480678875	0.0157678317083232	0.2544871233179956
0.26915348	1.031863523349	0.01698224124298132	0.26074741695146325
0.27542287	1.0364369782499998	0.01827803472219971	0.26718041240154283
0.2818383	1.04120561463	0.019659550292584503	0.2737920700851898
0.28840315	1.04617378851	0.02113123621701645	0.28058857983670127
0.29512092	1.0513455282	0.02269763161371108	0.2875764279065588
0.30199516	1.0567245709200002	0.024363361384573	0.29476234448634375
0.30902955	1.0623142688999998	0.02613312005220735	0.3021533804245386
0.31622776	1.0681176269400001	0.02801166558848816	0.30975677899526377
0.32359365	1.07413725546	0.030003808386374103	0.31758018670890975
0.33113113	1.08037534233	0.03211440429310124	0.32563150363676846
0.33884415	1.08683363409	0.0343483366910895	0.33391888224354754
0.34673685	1.09351346412	0.036710514343218	0.3424508996383388
0.3548134	1.10041571508	0.039205869481810006	0.35123637179915607
0.36307806	1.10754087525	0.041839336551906	0.360284455804566
0.37153524	1.11488895402	0.0446158687410384	0.36960466636413125
0.38018939	1.12245959457	0.0475404096869478	0.37920681887226787
0.38904515	1.1302520550900002	0.050617929171166504	0.38910115113913085
0.39810717	1.13826517122	0.05385337812849691	0.39929814789546275
0.40738028	1.14649750629	0.0572517253917696	0.40980874973995235
0.41686937	1.15494722925	0.0608179519836707	0.4206441718570224
0.42657951	1.1636122836899998	0.06455704574931989	0.43181611205714127
0.43651584	1.1724903221099998	0.0684740266854912	0.4433365711622259
0.44668359	1.1815787998199998	0.0725739291145161	0.45521793105697284
0.4570882	1.1908749279900002	0.076861830822752	0.4674730464373268
0.46773514	1.20037582389	0.0813428640177144	0.48011509002209
0.4786301	1.21007842638	0.086022201558085	0.49315775666801703
0.48977882	1.21997958042	0.0909050893254434	0.5066150699967593
0.50118721	1.2300760652400002	0.0959968418855969	0.5205015493398167
0.51286137	1.24036460373	0.1013028856944993	0.5348322042739756
0.52480745	1.2508419281699998	0.106828723418653	0.5496224392573278
0.53703183	1.2615047051100001	0.11257997491098931	0.5648882054278443
0.54954088	1.2723496950000002	0.1185623622644664	0.5806458087935653
0.56234133	1.28337363012	0.1247817866220504	0.5969122474265586
0.57543993	1.2945733178700003	0.1312442388786555	0.6137049405363253
0.58884364	1.30594566894	0.13795593085295563	0.6310418704879089
0.60255957	1.31748763158	0.14492318088677342	0.6489415998783897
0.61659497	1.32919623855	0.1521525039527256	0.6674232108801245
0.63095737	1.3410686165099999	0.15965063225563028	0.6865064950070577
0.6456542	1.35310203297	0.16742442918845002	0.706211581427169
0.66069347	1.36529384934	0.1754810577473804	0.7265596731427214
0.67608297	1.37764151154	0.18382782492920158	0.7475721397880508
0.69183099	1.39014255	0.1924722864997191	0.7692714101079055
0.70794576	1.40279473929	0.2014222781428704	0.7916803096877906
0.72443599	1.4155958352000002	0.2106858281937661	0.814822742119223
0.74131024	1.42854375315	0.22027124193935518	0.838722870558772
0.75857759	1.4416365306299999	0.2301871381449666	0.8634060269162999
0.77624714	1.4548723553700003	0.24044234202827217	0.888898162892754
0.79432821	1.4682494526599998	0.2510460168662862	0.9152259426986111
0.81283051	1.4817662449800002	0.2620076077706878	0.9424172048371906
0.83176374	1.4954211641999997	0.27333688683568014	0.9705002135744658
0.85113806	1.5092128206000002	0.285043923335044	0.9995045489175682
0.87096357	1.5231399183599998	0.29713910734201954	1.0294602735623146
0.89125097	1.53720122739	0.3096332605667934	1.0603988244297347
0.91201085	1.55139563967	0.32253738867902854	1.0923522673427022
0.9332543	1.56572213169	0.335862982527281	1.1253539294775776
0.95499259	1.58017975506	0.3496219181557431	1.1594380387945722
0.97723722	1.59476773041	0.3638263844708478	1.1946399989407301
1.0	1.6094852220300002	0.37848901	1.2309962120300002
1.023293	1.6243316101799998	0.39362282223091	1.2685443441450124
1.0471286	1.63930627512	0.409241270675496	1.3073232141621243
1.0715193	1.65440866284	0.42535817699485506	1.3473726353253979
1.0964782	1.66963832262	0.44198796113274197	1.3887340615046548
1.1220185	1.68499491642	0.45914539795437503	1.4314500706748188
1.1481535	1.7004780592500002	0.4768456234462701	1.475564211954825
1.1748976	1.71608752575	0.49510466839424	1.5211224469993732
1.2022644	1.73182308117	0.5139384913636921	1.5681707462253092
1.2302688	1.74768463161	0.5333640305870401	1.6167578439222365
1.2589254	1.7636721113400002	0.5533985280460321	1.6669330901915222
1.2882496	1.77978539829	0.5740598672300801	1.7187479602028537
1.3182567	1.7960246239200002	0.595366448544555	1.7722550453029653
1.3489629	1.8123897788399999	0.6173373446220211	1.827509227372344
1.3803843	1.82888103207	0.639992086865661	1.8845665763715638
1.4125375	1.84549855263	0.6633509027433749	1.943485009042224
1.4454398	1.86224250015	0.6874347631382699	2.004324663830046
1.4791085	1.8791130905999998	0.71226508274321	2.06714706202452
1.5135612	1.8961107747000003	0.737863991037504	2.132015708450358
1.5488166	1.9132356933	0.764254583621886	2.198996617873663
1.5848932	1.9304883159000004	0.791460352659504	2.268157451889859
1.6218101	1.9478690180999998	0.819505719795613	2.3395679272360494
1.6595869	1.9653783632999997	0.8484157409883761	2.4133004442877444
1.6982437	1.9830164454	0.878216398822518	2.489428786574426
1.7378008	2.0007842034	0.90893420391964	2.5680301853762426
1.7782794	2.018681919	0.940597024120452	2.6491834475897167
1.819701	2.0367102495	0.9732331606233601	2.7329705171020398
1.8620871	2.0548697582999997	1.006871665715781	2.8194748033947667
1.9054607	2.0731611027	1.0415431491519338	2.9087838568115796
1.9498446	2.0915849399999997	1.077278553843822	3.000987046856501
1.9952623	2.1101418336	1.1141099540180872	3.096176494216866
2.0417378	2.1288325347000003	1.152070623932574	3.1944472320342285
2.0892961	2.1476577944999997	1.19119462132776	3.2958984328556915
2.1379621	2.1666183641999996	1.2315173310330532	3.400630616790543
2.1877615	2.1857149949999997	1.2730748906940952	3.5087482253395974
2.2387211	2.204948532	1.3159049273404648	3.62035987566196
2.2908678	2.2243197264	1.3600460150751241	3.735576423039446
2.3442287	2.2438294233000002	1.405537664324607	3.8545116676797013
2.3988328	2.2634784677999997	1.4524213673809838	3.9772850232714
2.4547088	2.2832677989	1.500739344778432	4.104018213938028
2.5118864	2.3031982617	1.5505353279583358	4.234837062109535
2.5703957	2.3232707013000002	1.601853995483778	4.369871025073728
2.6302681	2.3434862444999998	1.6547420626280158	4.509255049069134
2.6915348	2.3638458303	1.7092471435794439	4.6531261705079
2.7542286	2.3843502098999996	1.7654186683252797	4.8016268721973026
2.818383	2.4050004162	1.82330784408966	4.954904443921345
2.8840315	2.4257975759999995	1.88296645839659	5.1131101634110525
2.9512093	2.4467428161	1.944449194222639	5.27640095935987
3.0199516	2.4678369815999996	2.0078114389142083	5.444936802207882
3.0902953	2.4890811993	2.0731107574820564	5.618885174033099
3.1622777	2.510476596	2.140406508420092	5.7984176474826175
