### name of eos: 1D/NS/Microscopic/Bombaci/with_crust 
### link: https://compose.obspm.fr/eos/121 
### Number density nb [fm-3] 	 Chemical potential mu [MeV] 	 Pressure p [MeV/fm3] 	 Energy density e [MeV] 
n	mu	p	e
7.92405959867008e-15	0.931191807807985	1.8864781909828667e-22	7.37881919421599e-15
2.50580766467172e-14	0.9311918717271023	1.2028751012380429e-21	2.3333876091662677e-14
7.92405959867008e-14	0.9311920006112557	7.669892586590564e-21	7.378820143659157e-14
2.50580766467172e-13	0.931192260488514	4.89055366008406e-20	2.333388214559737e-13
7.92405959867008e-13	0.9311927844954322	3.118363762222316e-19	7.378824003829586e-13
2.50580766467172e-12	0.9311938410836567	1.9883623060735806e-18	2.3333906759202203e-12
7.92405959867008e-12	0.9311959715491966	1.2678394702087938e-17	7.378839698202621e-12
2.50580766467172e-11	0.9312002673413421	8.08412489670192e-17	2.3334006831233928e-11
7.92405959867008e-11	0.9312089292182232	5.154680610685972e-16	7.378903507132841e-11
2.50580766467172e-10	0.9312263947073647	3.286779031459769e-15	2.333441369612012e-10
6.29410234040288e-10	0.9312525236691708	1.446781958777772e-14	5.861254010536338e-10
1.5810484988654399e-09	0.9312958657947462	6.088592755770989e-14	1.4723630446868159e-09
3.9714689058682395e-09	0.9313642227127721	2.4410544610784567e-13	3.6986399450958082e-09
4.999380256722129e-09	0.9313832872669552	3.2824099746386106e-13	4.656010976805907e-09
9.973660358163069e-09	0.9314607863699537	8.956566483374038e-13	9.289177863553069e-09
1.99038194110668e-08	0.9315633403436518	2.3923706850712655e-12	1.8539276125485135e-08
3.97209640718649e-08	0.9316968849772583	6.278958802978592e-12	3.7001619535247144e-08
7.92418564452663e-08	0.9318687387409925	1.6252891374708007e-11	7.38267559297704e-08
1.58101406297455e-07	0.932088313636692	4.1668319054358926e-11	1.4732280486032994e-07
1.99033206564924e-07	0.9321598942506448	5.4538312147541693e-11	1.8547623447177876e-07
3.15499695463202e-07	0.9323452180086872	1.0167419373809272e-10	2.940529581545754e-07
4.99934080568851e-07	0.9325620054426339	1.890553301612541e-10	4.660304734342457e-07
6.294585892124061e-07	0.9326839411895064	2.577119373508809e-10	5.868282058648625e-07
7.29727457487442e-07	0.9327673419180001	3.143224307336004e-10	6.80351618414408e-07
9.65971146546113e-07	0.9329028317361696	4.2816756847349056e-10	9.007290504198297e-07
1.53107000415745e-06	0.9331991794846792	7.939200395018661e-10	1.4279993515738348e-06
2.5056266193172294e-06	0.9335385601138992	1.4704996958069151e-09	2.3376285666846567e-06
3.97141379770464e-06	0.9339296685467793	2.722546550555927e-09	3.706298625201844e-06
4.82727428613838e-06	0.9341144927842311	3.533942817342426e-09	4.5056929285091715e-06
6.07736284802167e-06	0.9343487053237545	4.807210805222776e-09	5.673568898026509e-06
7.92625465087822e-06	0.9345960058281033	6.541102212248078e-09	7.401304835674963e-06
9.97703609874371e-06	0.9348596379962107	8.894151385928924e-09	9.318234204160744e-06
1.25609035335829e-05	0.9351446056280674	1.2096045884863337e-08	1.1734165135359717e-05
1.5214353983086e-05	0.9353990498076289	1.562249889051235e-08	1.4215869760325045e-05
1.99041938317933e-05	0.9357197201203133	2.124609917031723e-08	1.8603500582335774e-05
2.50558859045481e-05	0.9360605565249832	2.8885707097599336e-08	2.342494079694018e-05
3.0243726441838895e-05	0.9363593366246239	3.713074147009906e-08	2.8281864886666763e-05
3.971489631294249e-05	0.936740018608252	5.04875723233537e-08	3.7152045138887195e-05
5.00057205192782e-05	0.9371462229446099	6.865660718962678e-08	4.679401550307572e-05
6.15115619502737e-05	0.9375389368096005	9.050189129541711e-08	5.757898250106206e-05
6.54540322464242e-05	0.9375826607346384	9.331057068044729e-08	6.127525513873277e-05
8.485433908990791e-05	0.9380336659988385	1.2688989310591933e-07	7.946933687930895e-05
0.000101951949234728	0.9384112535669866	1.6209200806496435e-07	9.551076447689391e-05
0.000110516834614163	0.9385846352232189	1.805044618112733e-07	0.00010354889844054773
0.000125584418787288	0.938792357289236	2.0534567059442918e-07	0.0001176923468815223
0.000163471959083754	0.9393142877571098	2.791827308720005e-07	0.0001532723640841438
0.000199040377780961	0.9397777398123895	3.630062067407903e-07	0.0001866907101556549
0.000250584885047483	0.9402594456407393	4.7048500454127873e-07	0.00023514432009615345
0.000257211369324703	0.9403250839846977	4.871498355591245e-07	0.00024137515262651136
0.000259308963120565	0.9403456264475343	4.924551188419593e-07	0.0002433475942502263
0.000270613214320415	0.9404544676198048	5.212908938616025e-07	0.0002539781155107284
0.000288542839998925	0.9406210482346706	5.678525565556586e-07	0.000270841616063842
0.000297839506320659	0.9407047154538344	5.923816898515888e-07	0.0002795866463544344
0.000305804963744281	0.9407750281753818	6.136028229829281e-07	0.00028708007055971464
0.000341765071242143	0.9409655001102137	6.759555053305981e-07	0.0003209131856762353
0.0012616	0.9418471759271775	1.3448581046498984e-06	0.0011868895390450772
0.0018947	0.9423826392150518	2.13909021963899e-06	0.0017833932963011198
0.0026726	0.9428816571082783	3.2879649183112267e-06	0.002516657551869273
0.0036062	0.9433884603554739	4.866879638380307e-06	0.0033971805860955294
0.0047097	0.9438804382559824	6.957410912206997e-06	0.004438436289141993
0.0074963	0.9448578986488089	1.304101046018238e-05	0.007069897255180884
0.011197	0.9458280723075382	2.2370195075303754e-05	0.010568066730552201
0.015999	0.9468858092764203	3.595796178910535e-05	0.015113268100824343
0.022073	0.9478887123659995	5.499831141571221e-05	0.02086774923663899
0.029477	0.9488802170117072	8.080882666219072e-05	0.027889333330191904
0.042684	0.9503845133058152	0.00013494144067633916	0.04043127112526908
0.0622	0.9523947796378122	0.00024014208742008093	0.058998813206051826
0.073174	0.9535195857883156	0.0003149590647275406	0.06945788310574667
0.075959	0.9537854581812779	0.0003352377298874586	0.07211335188810424
0.08	0.9546673750000001	0.00051039	0.07586300000000001
0.085701	0.9557394896208912	0.00059983	0.08130799999999999
0.091402	0.9568780770661475	0.00070057	0.08676000000000002
0.097103	0.9580797709648519	0.00081342	0.09221900000000001
0.1028	0.9593695525291827	0.00093919	0.09768399999999998
0.1085	0.9607253456221198	0.0010787	0.10316
0.11421	0.962023465545924	0.0012327	0.10863999999999999
0.11991	0.9634884496705863	0.0014019	0.11413000000000001
0.12561	0.9649263593662927	0.0015844	0.11962000000000002
0.13131	0.9664953164267762	0.0017805	0.12513
0.1370099999999999	0.9680475877673161	0.0019921999999999987	0.1306399999999999
0.14271	0.9697309228505359	0.0022203	0.13616999999999996
0.1484099999999999	0.9714021966174785	0.0024657999999999985	0.14169999999999988
0.15411	0.9731315294270326	0.0027293	0.14724
0.15981	0.9749802890932983	0.0030116	0.15280000000000002
0.1655099999999999	0.9768195275209959	0.0033133999999999985	0.15835999999999992
0.17121	0.9787121079376205	0.0036353000000000006	0.16393000000000002
0.1769199999999999	0.980659054940086	0.003978199999999999	0.16951999999999992
0.18262	0.9826552403898807	0.0043425	0.17511000000000002
0.1883199999999999	0.9847546728971963	0.004728999999999998	0.18071999999999994
0.19402	0.9868998041439028	0.0051383	0.18634000000000003
0.19972	0.9891397957139996	0.0055709999999999996	0.19197999999999998
0.2054199999999999	0.9913723103884724	0.006027699999999998	0.1976199999999999
0.21112	0.9936960022735886	0.006509100000000001	0.20328000000000002
0.21682	0.9960603265381421	0.0070158	0.20895
0.22252	0.9985088980765774	0.007548200000000001	0.21464
0.22822	1.000995092454649	0.0081071	0.22033999999999998
0.23393	1.0034753986235199	0.008693	0.22604999999999997
0.23963	1.0060781204356717	0.0093065	0.23178
0.2453299999999999	1.0087151999347819	0.009948099999999996	0.23751999999999993
0.2510299999999999	1.0114249292913198	0.010617999999999999	0.2432799999999999
0.25673	1.0141705293499006	0.011318	0.24905
0.26243	1.0169835765728004	0.012047	0.25484
0.2681299999999999	1.01986722858315	0.012806999999999995	0.26064999999999994
0.27383	1.0227805572800643	0.013598000000000002	0.26647000000000004
0.27953	1.025757521554037	0.01442	0.27231
0.2852299999999999	1.0287978122918349	0.015273999999999994	0.2781699999999999
0.29093	1.031866772075757	0.016161000000000005	0.28404
0.29664	1.0349615695792882	0.017081	0.2899300000000001
0.30234	1.0381491036581332	0.018033999999999998	0.29584
0.3080399999999999	1.0413939748084664	0.019020999999999996	0.3017699999999999
0.31374	1.0446643717728055	0.020043	0.30771
0.31944	1.0480215376909594	0.0211	0.31368
0.3251399999999999	1.051402472780956	0.022192999999999994	0.3196599999999999
0.33084	1.0548664006770643	0.023322	0.32567
0.33654	1.0583496761157665	0.024487000000000002	0.33169
0.3422399999999999	1.0619126928471248	0.025688999999999993	0.3377399999999999
0.34794	1.065496924757142	0.026928999999999995	0.3438
0.35364	1.0691324510801945	0.028207999999999993	0.34987999999999997
0.35935	1.072809238903576	0.029523999999999998	0.35599000000000003
0.3650499999999999	1.0765648541295714	0.03087999999999999	0.3621199999999999
0.37075	1.0803398516520566	0.032276000000000006	0.3682599999999999
0.37645	1.0841838225527958	0.03371099999999999	0.37443
0.3821499999999999	1.08809891403899	0.03518699999999999	0.38062999999999986
0.3878499999999999	1.0920304241330412	0.036703999999999994	0.3868399999999999
0.39355	1.0960309998729512	0.038263	0.39308
0.3992499999999999	1.1000701314965562	0.039862999999999996	0.39933999999999986
0.4049499999999999	1.1041511297691071	0.041506	0.40561999999999987
0.41065	1.1082966029465482	0.043192	0.41193
0.41636	1.11245316552983	0.044921	0.41825999999999997
0.4220599999999999	1.1166753542150407	0.046693999999999986	0.4246099999999999
0.4277599999999999	1.1209580138395363	0.048511	0.43099
0.43346	1.1252779956628063	0.050372999999999994	0.43739
0.4391599999999999	1.1296588942526642	0.05228099999999999	0.4438199999999998
0.4448599999999999	1.1340736411455288	0.054234	0.45026999999999995
0.45056	1.1385453657670452	0.056233000000000005	0.45674999999999993
0.45626	1.1430522070749134	0.058279000000000004	0.46325
0.4619599999999999	1.1476166767685516	0.06037299999999998	0.46978000000000003
0.46766	1.1522323910533292	0.062513	0.47634
0.47336	1.1568827108331927	0.064702	0.48292000000000007
0.47907	1.1615609409898342	0.066939	0.48952999999999997
0.4847699999999999	1.1663159849000557	0.069225	0.49616999999999994
0.49047	1.1711032275164637	0.07156100000000001	0.5028299999999999
0.49617	1.175941713525606	0.073947	0.50952
0.50187	1.180827704385598	0.076382	0.51624
0.5075699999999999	1.185745808459917	0.07886899999999998	0.5229799999999999
0.51327	1.1907319734252926	0.081407	0.5297599999999999
0.51897	1.1957454188103356	0.083996	0.5365599999999999
0.5246699999999999	1.20080812701317	0.08663799999999998	0.5433899999999998
0.53037	1.2059166242434527	0.089332	0.55025
0.53607	1.211073180741321	0.09208	0.55714
0.54178	1.2162519842002286	0.09488100000000001	0.5640599999999999
0.5474799999999999	1.221498502228392	0.09773599999999999	0.5710099999999999
0.55318	1.2267797100401314	0.10064000000000002	0.5779899999999999
0.55888	1.2321249642141425	0.10360999999999998	0.585
0.5645799999999999	1.2374862729816856	0.10662999999999996	0.5920299999999998
0.57028	1.2429157606789647	0.1097	0.59911
0.57598	1.248394041459773	0.11284000000000001	0.60621
0.5816799999999999	1.2538852977582176	0.11601999999999998	0.6133399999999998
0.58738	1.259440226088733	0.11926999999999997	0.6205
0.59308	1.2650401294934914	0.12257000000000001	0.6276999999999998
0.59879	1.2706625027138059	0.12593000000000001	0.6349299999999999
0.6044899999999999	1.2763486575460308	0.12934999999999997	0.64219
0.61019	1.2820760746652684	0.13283	0.6494800000000002
0.61589	1.2878598451022096	0.13637	0.6568099999999999
0.6215899999999999	1.2936662430219277	0.13996999999999998	0.6641599999999999
0.62729	1.2995265347765783	0.14362	0.6715599999999998
0.63299	1.3054234664054725	0.14734	0.67898
0.6386899999999999	1.3113717139770469	0.15111999999999998	0.6864399999999999
0.64439	1.317354397181831	0.15496000000000001	0.6939299999999999
0.65009	1.3234013751942042	0.15887	0.7014600000000001
0.6557899999999999	1.3294652251482943	0.16282999999999997	0.7090199999999998
0.6614999999999999	1.3355706727135301	0.16685999999999995	0.7166199999999999
0.6672	1.341726618705036	0.17095	0.7242500000000003
0.6729	1.3479417446871749	0.17511000000000002	0.7319199999999999
0.6785999999999999	1.3541850869437078	0.17933	0.7396199999999999
0.6843	1.3604705538506503	0.18361000000000002	0.74736
0.69	1.3667971014492755	0.18796000000000002	0.75513
0.6956999999999999	1.3731780940060372	0.19237999999999997	0.7629399999999998
0.7014	1.3795979469632165	0.19685999999999998	0.77079
0.7071	1.38605572054872	0.20141000000000003	0.7786699999999999
0.7127999999999999	1.392564534231201	0.20603	0.7865899999999999
0.7185	1.39910925539318	0.21071	0.79455
0.72421	1.4056696262133912	0.21546	0.80254
0.72991	1.4123111068487897	0.22028	0.81058
0.7356099999999999	1.418985603784614	0.22516999999999995	0.8186499999999998
0.74131	1.425692355424856	0.23012000000000005	0.82676
0.74701	1.4324440101203466	0.23515	0.8349
0.7527099999999999	1.4392528330964116	0.24024999999999996	0.8430899999999999
0.75841	1.4460779789296028	0.24541000000000002	0.8513099999999999
0.7641099999999998	1.452971430814935	0.25065	0.8595799999999998
0.7698099999999999	1.4598927007963	0.25595999999999997	0.8678799999999994
0.77551	1.466854070224755	0.26133999999999996	0.87622
0.7812099999999998	1.4738674620140553	0.26678999999999997	0.8846099999999999
0.78692	1.4809002185736797	0.27232	0.89303
0.7926199999999999	1.4879892003734452	0.27791999999999994	0.9014899999999999
0.79832	1.4951147409560073	0.28358999999999995	0.90999
0.8040199999999998	1.502300937787617	0.28933999999999993	0.9185399999999997
0.80972	1.5095094600602676	0.29516000000000003	0.9271199999999999
0.81542	1.5167766304481125	0.30105999999999994	0.93575
0.8211199999999999	1.5240768706157442	0.3070299999999999	0.9444199999999996
0.82682	1.531421591156479	0.31308	0.95313
0.83252	1.5387978667179165	0.3192	0.9618799999999998
0.8382199999999999	1.546216983608122	0.3253999999999999	0.97067
0.8439299999999998	1.5536715130401813	0.33168	0.9795099999999999
0.84963	1.5611736873697963	0.33803	0.9883900000000001
0.85533	1.5687278594226788	0.3444700000000001	0.9973099999999999
0.8610299999999999	1.5763446105246044	0.35098	1.0063
0.86673	1.583965017940996	0.35757	1.0152999999999996
0.87243	1.5915775477688752	0.36424000000000006	1.0242999999999998
0.8781299999999999	1.5992848439297145	0.37098	1.0333999999999999
0.88383	1.6071077017073416	0.37781000000000003	1.0426
0.88953	1.6149202387777815	0.38472	1.0517999999999998
0.8952299999999999	1.6227226522793026	0.39170999999999995	1.061
0.90093	1.6306372304174572	0.39879	1.0702999999999998
0.90664	1.6385114268066705	0.40594	1.0795999999999997
0.91234	1.6464037529868252	0.41317999999999994	1.0889000000000002
0.91804	1.654394144046011	0.4205	1.0983
0.92374	1.6624807846363694	0.4279	1.1077999999999997
0.92944	1.6705543122740574	0.43538	1.1172999999999997
0.93514	1.678625660328935	0.44295	1.1268
0.94084	1.686801156413418	0.45061	1.1364
0.94654	1.6950683542164091	0.45835000000000004	1.1461
0.95224	1.7033205914475342	0.46617000000000003	1.1558
0.95794	1.7115685742322064	0.47408	1.1655
0.96364	1.7199161512598065	0.48207999999999995	1.1753
0.96935	1.7282302573889718	0.49016000000000004	1.1850999999999998
0.97505	1.7366596584790523	0.49833	1.195
0.98075	1.745082844761662	0.50659	1.2049
0.98645	1.7535911602209944	0.51493	1.2149
0.99215	1.7621025046615932	0.52337	1.2248999999999997
0.99785	1.7706969985468757	0.53189	1.235
1.0036	1.7791948983658827	0.5405	1.2450999999999999
1.0093	1.7878727831170118	0.5492	1.2552999999999999
1.015	1.7965517241379312	0.558	1.2655
1.0207	1.8052121093367297	0.56688	1.2756999999999998
1.0264	1.8140588464536243	0.57585	1.2860999999999998
1.0321	1.8227981784710783	0.5849099999999999	1.2964
1.0378	1.831730583927539	0.5940700000000001	1.3069000000000002
1.0435	1.8405558217537132	0.6033200000000001	1.3172999999999997
1.0492	1.849466260007625	0.61266	1.3278
1.0549	1.8584605175846052	0.62209	1.3384
1.0606	1.8674523854422025	0.63162	1.349
1.0663	1.8765263059176591	0.64124	1.3597000000000001
1.072	1.8855876865671646	0.65095	1.3704000000000005
1.0777	1.8947387955831863	0.66076	1.3812
1.0834	1.903885914712941	0.67067	1.392
1.0891	1.9131117436415388	0.6806699999999999	1.4028999999999998
1.0948	1.9223237120935333	0.69076	1.4138000000000004
1.1005	1.93163107678328	0.7009600000000001	1.4247999999999996
1.1062	1.9410052431748326	0.7112400000000001	1.4358999999999997
1.1119	1.9503822286176815	0.72163	1.447
1.1176	1.9597440944881885	0.7321099999999999	1.4580999999999993
1.1233	1.9691978990474495	0.7427	1.4693
1.129	1.9787245349867137	0.75338	1.4805999999999995
1.1347	1.9882435886137306	0.76416	1.4919000000000004
1.1404	1.9977464047702556	0.77503	1.5031999999999996
1.1461	2.007337928627519	0.78601	1.5145999999999997
1.1518	2.0170081611390867	0.7970900000000001	1.5261
1.1575	2.026669546436285	0.8082699999999998	1.5375999999999999
1.1632	2.0364081843191197	0.81955	1.5492000000000001
1.1689	2.046222944648815	0.83093	1.5608999999999997
1.1746	2.0560275838583344	0.84241	1.5726
1.1803	2.065830721003135	0.854	1.5842999999999998
1.186	2.075699831365936	0.8656799999999998	1.5961000000000003
1.1917	2.085659142401611	0.8774799999999999	1.608
1.1974	2.0955987973943544	0.8893699999999999	1.6199000000000001
1.2031	2.105618818053362	0.90137	1.6319000000000006
1.2088	2.1156270681667766	0.9134699999999999	1.6439000000000001
1.2145	2.125714285714286	0.9256800000000001	1.6559999999999997
1.2202	2.1357892148828066	0.93799	1.6681000000000001
1.2259	2.1459335998042253	0.9503999999999999	1.6803
1.2316	2.156162715167262	0.96293	1.6925999999999999
1.2373	2.166378404590641	0.9755599999999999	1.7049
1.243	2.1766613032984714	0.98829	1.7173000000000003
1.2487	2.1869143909666056	1.0011	1.7297000000000002
1.2544	2.1973054846938775	1.0141	1.7422000000000002
1.2601	2.207681930005555	1.0270999999999997	1.7548
1.2658	2.2181229262126716	1.0403	1.7673999999999999
1.2715	2.2286276051907192	1.0535999999999999	1.7801
1.2772	2.2391168180394616	1.0670000000000002	1.7928
1.2829	2.2496687193078184	1.0805	1.8055999999999999
1.2886	2.2602824771069376	1.0940999999999999	1.8185
1.2943	2.270880012361894	1.1078	1.8314
