### Number density nb [fm-3] 	 Chemical potential mu [MeV] 	 Pressure p [M)_sun/km3] 	 Energy density e [M_sun/km3]
n	mu	p	e
7.92405959867008e-15	931.191807807985	1.6912722662634022e-25	6.615285732218098e-18
2.50580766467172e-14	931.1918717271044	1.0784059461841724e-24	2.0919371178998302e-17
7.924059598670082e-14	931.1920006112556	6.876239905090801e-24	6.615286583416328e-17
2.50580766467172e-13	931.1922604885162	4.3844968955955795e-23	2.091937660649378e-16
7.92405959867008e-13	931.1927844954322	2.7956867841761886e-22	6.615290044150313e-16
2.50580766467172e-12	931.193841083659	1.7826137824544465e-21	2.0919398673172015e-15
7.92405959867008e-12	931.1959715491968	1.1366480377496676e-20	6.615304114526519e-15
2.50580766467172e-11	931.2002673413464	7.247608957343957e-20	2.0919488390112703e-14
7.92405959867008e-11	931.2089292182302	4.621292946809401e-19	6.615361320739998e-14
2.50580766467172e-10	931.2263947073668	2.946675051858301e-18	2.091985315409531e-13
6.29410234040288e-10	931.2524670636586	1.2970742062680488e-17	5.254752373157594e-13
1.5810484988654399e-09	931.2956993010048	5.458567248552547e-17	1.3200080181425518e-12
3.9714689058682395e-09	931.3638741528724	2.188462994268479e-16	3.3159168500940995e-12
4.999380256722129e-09	931.3826906483216	2.942758089199165e-16	4.174221164883812e-12
9.973660358163069e-09	931.4600844662984	8.029773451227994e-16	8.327961135345088e-12
1.99038194110668e-08	931.5625201500616	2.144816838923824e-15	1.6620884401161064e-11
3.97209640718649e-08	931.6959423825236	5.6292349072720275e-15	3.317279251007432e-11
7.92418564452663e-08	931.8676776946096	1.4571101091984456e-14	6.618735546908249e-11
1.58101406297455e-07	932.0871434722028	3.735663244627044e-14	1.3207820919743947e-10
1.99033206564924e-07	932.1594812054476	4.88948853078956e-14	1.6628375237698019e-10
3.15499695463202e-07	932.344777754484	9.115331673902719e-14	2.6362529945951414e-10
4.99934080568851e-07	932.5615406553982	1.6949256992173934e-13	4.1780712108477605e-10
6.294585892124061e-07	932.683473618932	2.310448402795846e-13	5.261050865126406e-10
7.29727457487442e-07	932.766873671882	2.8179748502009883e-13	6.099509928804545e-10
9.65971146546113e-07	932.9019376157154	3.838623405952895e-13	8.075240991025532e-10
1.53107000415745e-06	933.1982675134448	7.11768071774356e-13	1.2802339033620066e-09
2.5056266193172294e-06	933.5385090629552	1.3183377178462128e-12	2.095739121829171e-09
3.97141379770464e-06	933.9296042819176	2.4408273027356453e-12	3.3227840499855227e-09
4.82727428613838e-06	934.1144276931028	3.168263225146544e-12	4.039459875704735e-09
6.07736284802167e-06	934.3486389321612	4.309778057237492e-12	5.086488193411421e-09
7.92625465087822e-06	934.5974946725588	5.864252666820166e-12	6.635455220848997e-09
9.97703609874371e-06	934.8611257859352	7.973816841811772e-12	8.354030415069382e-09
1.25609035335829e-05	935.14609245345	1.084439090486401e-11	1.0519973006860145e-08
1.5214353983086e-05	935.4005361649228	1.400593933688061e-11	1.2744883364009223e-08
1.99041938317933e-05	935.7224453123824	1.9047629845282297e-11	1.6678526409673147e-08
2.50558859045481e-05	936.0632810187084	2.5896718837827986e-11	2.1001074039513363e-08
3.024372644183889e-05	936.3620608235864	3.328858694171104e-11	2.535543389447174e-08
3.971489631294249e-05	936.7459658063576	4.526330135678273e-11	3.3307897936106065e-08
5.00057205192782e-05	937.1521696606792	6.155227035784526e-11	4.1952207006194134e-08
6.15115619502737e-05	937.5448832563372	8.113708365352329e-11	5.1621246041795936e-08
6.54540322464242e-05	937.589147873943	8.36551310772533e-11	5.493509453215769e-08
8.485433908990791e-05	938.037996190061	1.1375978694316398e-10	7.124646739000343e-08
0.0001019519492347	938.4155837232717	1.4531931465387338e-10	8.56280525817246e-08
0.0001105168346141	938.5889654614743	1.6182651443165106e-10	9.28344628387452e-08
0.0001255844187872	938.7996777432508	1.840972449793474e-10	1.0551479366641695e-07
0.0001634719590837	939.3130271696148	2.5029391391876486e-10	1.3741211071374616e-07
0.0001990403777809	939.7764792392963	3.2544364036467177e-10	1.6737240728035233e-07
0.0002505848850474	940.2564045249752	4.218009217794181e-10	2.1081175504807392e-07
0.0002572113693247	940.322042904283	4.3674133649359824e-10	2.1639782555641028e-07
0.0002593089631205	940.342585378324	4.41497648293946e-10	2.1816616035475608e-07
0.0002706132143204	940.4514266078749	4.673496018442918e-10	2.2769664300496259e-07
0.0002885428399989	940.618007306506	5.09093232468744e-10	2.428151207903901e-07
0.0002978395063206	940.7016745704944	5.310841799692925e-10	2.5065522171409586e-07
0.0003058049637442	940.7719873299402	5.501094271708628e-10	2.573732318410089e-07
0.0003417650712421	940.9647856827968	6.060100799776067e-10	2.8770603363177883e-07
0.0012616	941.9796308310524	1.205697063091268e-09	1.0642243256953066e-06
0.0018947	942.488827482016	1.9177449179127127e-09	1.599034598790068e-06
0.0026726	942.9956197299229	2.9477382274371858e-09	2.256516011315601e-06
0.0036062	943.5011442024968	4.363272575839396e-09	3.0460169656047067e-06
0.0047097	944.0058921624192	6.237483251626287e-09	3.97969270249284e-06
0.0074963	945.0142258863108	1.1691573971425553e-08	6.339380529995712e-06
0.011197	946.0210628962697	2.005540838086842e-08	9.47645880642331e-06
0.015999	947.0273756378268	3.223716225078017e-08	1.355143245783034e-05
0.022073	948.033443702754	4.930728551929318e-08	1.8711294274721003e-05
0.029477	949.0394798093852	7.244702221118386e-08	2.5007655026401825e-05
0.042684	950.5502734231796	1.2097818955783884e-07	3.6253932930535735e-05
0.0622	952.5673294805651	2.152930547288452e-07	5.290345191584162e-05
0.073174	953.67346985216	2.823682424361079e-07	6.228072828296041e-05
0.075959	953.9454343702816	3.005485448354226e-07	6.466221787020282e-05
0.085	955.3526328308913	4.021433648915607e-07	7.240003410591018e-05
0.09	955.9488340483113	4.4891189904161533e-07	7.668385236235475e-05
0.095	956.563270232298	4.998659875760084e-07	8.097038321662276e-05
0.1	957.1984244449416	5.553861354388356e-07	8.525971399732787e-05
0.105	957.8558685873244	6.1580248662545e-07	8.955194114438473e-05
0.11	958.5368971574756	6.814395894707511e-07	9.384716752147516e-05
0.115	959.2436857363616	7.527283098669503e-07	9.814550372552618e-05
0.12	959.9766985464898	8.299484308613747e-07	0.0001024470663327103
0.125	960.737361563098	9.13491648719834e-07	0.00010675197610896565
0.13	961.5264436594454	1.003693703098762e-06	0.00011106035876128129
0.135	962.3446266493194	1.1008903336546833e-06	0.0001153723432460393
0.14	963.19342551847	1.205529193263051e-06	0.00011968806340581492
0.1449999999999999	964.0728822179752	1.3178900649708345e-06	0.00012400765662891626
0.1499999999999999	964.9834574176248	1.438308688434557e-06	0.00012833126140792756
0.155	965.9263847893588	1.567232716529494e-06	0.00013265901999951802
0.16	966.9011958206036	1.7048859756934172e-06	0.00013699107643933407
0.165	967.9082331778048	1.8516042055827607e-06	0.0001413275744439425
0.17	968.9492989712024	2.0079469722917304e-06	0.00014566866248003635
0.1749999999999999	970.0235064731584	2.1740821456484545e-06	0.00015001449116709356
0.1799999999999999	971.1318016017927	2.350457378528386e-06	0.00015436521118393902
0.185	972.274368694114	2.53740841058796e-06	0.00015872097576991517
0.19	973.451377328332	2.7352709814837896e-06	0.00016308193895560758
0.195	974.6626596889716	2.944324874262753e-06	0.00016744825478495423
0.2	975.9093245451694	3.165073698409771e-06	0.00017182007936409753
0.2049999999999999	977.1908577299524	3.3977412803624356e-06	0.00017619757018786522
0.2099999999999999	978.5082859273158	3.6428312296054877e-06	0.00018058088584473397
0.215	979.8605076942682	3.9004554593577694e-06	0.00018497018482640937
0.22	981.249079777073	4.17122949232286e-06	0.0001893656265542013
0.225	982.6732102232412	4.455321198329069e-06	0.00019376737224110948
0.23	984.1338051299424	4.753234186861046e-06	0.00019817558329897098
0.2349999999999999	985.6303700885452	5.065192284356473e-06	0.00020259042210658381
0.2399999999999999	987.1637557141268	5.391699100300092e-06	0.00020701205179764619
0.245	988.7324438993504	5.73275463469199e-06	0.00021144063408144788
0.25	990.33879074113	6.0891982366733455e-06	0.00021587633242666512
0.26	993.6255785076652	6.8406955011332214e-06	0.00022476959393833438
0.27	997.087435600828	7.663257659551705e-06	0.00023369310173628648
0.28	1000.732055989126	8.561920806776199e-06	0.00024264845973016446
0.2899999999999999	1004.5619459326688	9.540601905465968e-06	0.0002516373181128708
0.2999999999999999	1008.6131956867872	1.0612170975786678e-05	0.000260661496550199
0.31	1012.859025038506	1.1773270621173266e-05	0.0002697228632486876
0.32	1017.3425464117444	1.303956869226243e-05	0.0002788233521319897
0.33	1022.0241833358324	1.4403790829829935e-05	0.0002879649216451987
0.34	1026.9200512747937	1.587433052528825e-05	0.0002971494190390934
0.3499999999999999	1032.075610959365	1.7469093893650618e-05	0.00030637896491033203
0.3599999999999999	1037.4463590338753	1.9178568311316164e-05	0.00031565569308456004
0.37	1043.0752134823126	2.102065989329823e-05	0.00032498172157606204
0.38	1048.9517424714736	2.299648777178514e-05	0.00033435931930023984
0.39	1055.0598432787035	2.510493281458838e-05	0.0003437906365477921
0.4	1061.4114907347614	2.735438851312052e-05	0.0003532778024029523
0.4099999999999999	1068.023936068266	2.9755486623170642e-05	0.0003628230765846121
0.4199999999999999	1074.9056658482891	3.2316061070057025e-05	0.0003724288350432684
0.4299999999999999	1082.0190514116	3.5026599230178884e-05	0.0003820973269547742
0.44	1089.3778316034316	3.789661372713699e-05	0.0003918306898097122
0.45	1097.0144518031136	4.094345110985032e-05	0.0004016312667437116
0.46	1104.89750177081	4.4159277453000674e-05	0.00041150141077586405
0.4699999999999999	1113.0579872078986	4.7561439305507025e-05	0.0004214434680121024
0.4799999999999999	1121.461895489667	5.114042404376858e-05	0.00043145977620123976
0.4899999999999999	1130.137791271448	5.4913018650610354e-05	0.0004415526437456735
0.5	1139.0582984159144	5.887194876680813e-05	0.0004517243886242754
0.51	1148.2532750335647	6.303512050737515e-05	0.00046197733565374365
0.52	1157.7181230790816	6.740533170278214e-05	0.00047231392548136605
0.53	1167.4306767876644	7.197698669208755e-05	0.00048273647992154895
0.54	1177.4166717937144	7.676687245811627e-05	0.0004932473334171292
0.56	1198.1805754678987	8.700693198128507e-05	0.0005145434960556322
0.5799999999999998	1219.9897984763766	9.815348857699664e-05	0.0005362213238469782
0.5999999999999999	1242.9321198958176	0.00011029047715937538	0.0005583003286953841
0.62	1266.8923679102031	0.00012339551508465483	0.0005807998265768323
0.64	1291.984197595135	0.0001375693242497841	0.0006037390637634681
0.66	1318.1380053779849	0.00015281190465476328	0.0006271377248141855
0.68	1345.2624760066692	0.0001691064693167673	0.0006510140529480953
0.6999999999999998	1373.626893578354	0.00018665446202969488	0.0006753878113901535
0.7199999999999999	1402.9768804332202	0.00020533837391377167	0.0007002790075049992
0.7399999999999999	1433.429397209243	0.0002252701181878303	0.0007257063381441903
0.76	1464.9090210054744	0.00024643850352998754	0.0007516889112833545
0.78	1497.5082766526716	0.0002689442518371924	0.0007782459561114894
0.8	1531.2731732021646	0.00029286010670168615	0.0008053979541818796
0.82	1566.0383116575435	0.00031810772887028583	0.0008331643532557165
0.8399999999999999	1601.8757884194597	0.00034477664891805767	0.0008615637215341216
0.8599999999999999	1638.7204685644806	0.0003728556755231184	0.0008906147132385299
0.88	1676.6479882489664	0.00040243993492147546	0.0009203360534795747
0.9	1715.721875897061	0.00043361895768819495	0.000950747718415735
0.92	1755.7888890751692	0.00046630880890915247	0.0009818689130937698
0.94	1796.9002607793466	0.0005005878278375307	0.0010137178955863736
0.96	1839.1302656490325	0.0005365567363702788	0.0010463140469323293
0.98	1882.4456497052915	0.00057422672582928	0.0010796771319552026
1.0	1926.7647445795253	0.0006135642222488848	0.0011138258910837503
1.02	1971.998373691813	0.00065452446034156	0.0011487775327442544
1.04	2018.4745567636264	0.000697443179763803	0.0011845513519001913
1.06	2065.908226911302	0.000742096554077949	0.0012211671103803646
1.08	2114.380242348286	0.0007885964965028302	0.001258642690155511
1.1	2163.852503122848	0.0008369430070384468	0.0012969963720330742
1.12	2214.794976110464	0.0008876396951695449	0.0013362502479185175
1.14	2265.498778762932	0.0009390078626136375	0.0013764155598157246
1.16	2318.7398709069325	0.0009939012964509523	0.0014175125899661654
1.18	2371.9245222351788	0.0010496900360389264	0.0014595638816238704
1.2	2426.785282221255	0.0011082206494882959	0.0015025837564880808
1.22	2482.2867774762285	0.0011684299612201518	0.0015465931016195673
1.24	2539.321474468005	0.0012313251902039864	0.0015916113095257108
1.26	2596.192711299324	0.0012950597683290643	0.0016376508385940727
1.28	2655.411838801215	0.0013624874826756131	0.0016847310102395625
1.3	2715.0676426872524	0.001431481982085816	0.0017328769885990175
1.32	2775.4802742923803	0.0015024349628255868	0.0017820994375188838
1.34	2837.1431457144963	0.0015759619475985034	0.0018324163016389138
